-0.111716 3.01916 0.129867 0.0373028 -0.996847 -0.0700325 0.0257617 -0.0690987 0.997277 0.307065
-3.1835 0.429117 0.115044 0.989087 -0.14164 -0.0405499 0.143442 0.988606 0.045631 0.307065
0.252904 -0.143476 2.71351 -0.0809005 -0.02669 -0.996365 0.0032348 0.999629 -0.0270401 0.307065
1.57886 0.296691 -2.04482 -0.587612 -0.194128 0.78551 -0.0883223 0.980381 0.176217 0.307065
-2.54304 -0.030875 -2.14913 0.759076 0.0198968 0.650698 0.0101817 0.999048 -0.042426 0.307065
0.44664 -0.0370876 3.20119 -0.124676 -0.0179415 -0.992035 0.033149 0.999203 -0.0222372 0.307065
3.07678 0.46834 0.344434 -0.980343 -0.149921 -0.12826 -0.129458 -0.00178132 0.991583 0.307065
2.31206 -1.92868 0.141555 -0.769478 0.634291 -0.0746912 -0.0393282 0.0696677 0.996795 0.307065
0.447021 -3.06864 0.162376 -0.140915 0.98783 -0.0658337 -0.074842 0.0556779 0.99564 0.307065
-3.15204 0.338509 0.69098 0.970597 -0.110703 -0.213743 0.116106 0.993154 0.0128524 0.307065
0.264464 -3.15879 0.275079 -0.0656131 0.993183 -0.0963441 -0.0135805 0.0956544 0.995322 0.307065
-0.306576 -2.97521 0.98477 0.100308 0.942483 -0.318847 0.0684981 0.313161 0.947226 0.307065
-0.897368 0.338142 -3.26443 0.244416 -0.0962438 0.964882 -0.0185904 0.994414 0.103899 0.307065
2.04497 -0.4203 0.599513 -0.938733 0.104632 -0.328378 -0.0120502 0.942255 0.33468 0.307065
2.01448 0.0747273 1.28843 -0.857039 -0.0932449 -0.506744 -0.154415 0.984766 0.0799526 0.307065
-3.00531 -0.0620829 -1.12407 0.94365 0.0112242 0.330754 -0.0120285 0.999928 0.000384893 0.307065
-1.16907 1.26632 -2.41373 0.397844 -0.457737 0.795108 0.352488 0.876392 0.328159 0.307065
-3.3609 0.0241017 -0.640076 0.984977 0.0115716 0.172296 -0.00758768 0.999689 -0.0237632 0.307065
-2.73919 1.02185 -1.38446 0.849466 -0.304524 0.430898 0.271964 0.952504 0.137007 0.307065
-1.74556 0.31187 -2.76395 0.532875 -0.0997095 0.840299 0.0637027 0.994942 0.0776624 0.307065
0.251516 2.17085 -2.49975 -0.113098 -0.654607 0.747461 -0.195414 0.75225 0.629233 0.307065
-0.378613 2.93345 1.99334 0.140719 -0.801953 -0.580576 0.422401 0.578992 -0.697384 0.307065
-1.14323 2.16293 -1.90642 0.346777 -0.698225 0.626281 0.111802 0.693725 0.71151 0.307065
0.620443 2.07001 2.43383 -0.176246 -0.631675 -0.754933 -0.006155 0.767631 -0.640863 0.307065
2.94414 2.11184 -1.31872 -0.760237 -0.55307 0.340813 -0.474087 0.830996 0.29101 0.307065
-0.888383 2.34988 2.34905 0.292755 -0.672084 -0.680145 0.281899 -0.61903 0.733031 0.307065
-0.600521 2.74378 2.25198 0.197258 -0.760301 -0.618895 0.207647 -0.584573 0.78432 0.307065
-0.187295 2.60958 -2.65794 0.0189444 -0.704147 0.709801 -0.190762 0.694342 0.693902 0.307065
0.721977 -2.80469 2.06643 -0.160442 0.793495 -0.587047 -0.0991163 0.578794 0.809428 0.307065
1.98673 1.35993 -2.00658 -0.614181 -0.484588 0.622861 -0.289677 0.872606 0.393251 0.307065
0.0270186 2.46441 -3.23601 -0.02704 -0.622568 0.782099 0.159541 0.769668 0.618189 0.307065
-0.292594 1.89936 2.7095 0.123685 -0.562108 -0.817763 0.371222 0.790464 -0.487196 0.307065
0.181027 2.47652 -2.16563 -0.0201605 -0.750461 0.660607 -0.397627 0.612257 0.683399 0.307065
-1.84339 -1.61367 2.01484 0.59232 0.504718 -0.628026 0.421657 0.470026 0.775423 0.307065
2.34475 1.47939 -1.03541 -0.776585 -0.528048 0.34363 -0.463627 0.848303 0.255796 0.307065
-1.59374 1.99221 -1.58129 0.519823 -0.65449 0.549024 -0.0968135 0.593405 0.79906 0.307065
-3.31139 1.5611 0.379285 0.894086 -0.441011 -0.078228 -0.433971 -0.809764 -0.394907 0.307065
0.429968 1.80197 2.62569 -0.142858 -0.567845 -0.810644 -0.137936 0.822475 -0.551824 0.307065
-0.148615 2.49767 -2.0523 0.0614032 -0.783811 0.617957 0.255232 0.610871 0.749462 0.307065
1.92104 2.51131 -1.13443 -0.597182 -0.724887 0.343384 -0.651298 0.688095 0.319899 0.307065
-0.914997 -1.44865 -0.663241 0.437953 0.846698 0.302156 0.00458321 -0.338202 0.941062 0.307065
1.66176 -1.83642 0.961976 -0.62267 0.710367 -0.328117 -0.394869 0.0767583 0.915525 0.307065
-0.151175 0.698375 1.49682 0.0275452 -0.390127 -0.920349 0.270294 0.889308 -0.368879 0.307065
0.145662 0.795658 1.55582 -0.086869 -0.461305 -0.882979 0.227178 0.853803 -0.468413 0.307065
0.153549 0.677798 1.55396 -0.0829939 -0.401849 -0.911937 0.161878 0.897504 -0.410222 0.307065
1.04995 -1.55855 1.78334 -0.412069 0.632407 -0.655943 -0.279702 0.597348 0.751626 0.307065
1.23211 -1.57776 1.27031 -0.431948 0.717323 -0.546688 -0.284352 0.466923 0.837333 0.307065
0.652604 -1.03307 0.785641 -0.415472 0.734654 -0.536346 0.0574429 0.60966 0.790579 0.307065
-0.149034 -1.40968 1.25286 0.0755823 0.778191 -0.623463 0.0947466 0.616818 0.781383 0.307065
-0.27782 -1.32831 0.769458 0.171401 0.856231 -0.487329 -0.0780817 0.504899 0.85964 0.307065
-0.0281421 -1.44669 0.575218 -0.00195596 0.931214 -0.364469 0.0774449 0.363516 0.928363 0.307065
-0.00895786 -1.85455 1.20357 -0.00353861 0.849876 -0.52697 -0.0766236 0.525194 0.847526 0.307065
0.502863 -2.4033 0.755209 -0.208852 0.931931 -0.296454 0.0339952 0.309874 0.95017 0.307065
1.2652 0.911073 1.24791 -0.569394 -0.42484 -0.703777 -0.25165 0.905088 -0.342764 0.307065
0.897964 1.27319 2.2875 -0.32938 -0.433026 -0.839046 0.0118262 0.886672 -0.462248 0.307065
2.52991 -1.37168 1.68938 -0.744081 0.426621 -0.514138 -0.335106 0.427427 0.839649 0.307065
1.56513 -0.837811 0.736894 -0.763946 0.516907 -0.386255 -0.16634 0.420603 0.891866 0.307065
0.370096 -2.11775 0.397765 -0.12491 0.976236 -0.177091 0.00997257 0.179715 0.983668 0.307065
0.405771 -1.71641 -0.155258 -0.16699 0.983137 0.0745365 0.0269513 -0.0710181 0.997111 0.307065
0.0545529 -2.13991 0.531477 -0.0509266 0.971064 -0.233328 -0.0737147 0.229339 0.970551 0.307065
-1.13971 -1.65039 0.812864 0.558 0.728862 -0.396733 0.526239 0.0588682 0.848297 0.307065
-0.262838 0.998012 2.11788 0.113217 -0.455279 -0.883121 0.0763805 0.890194 -0.449133 0.307065
-0.683522 1.74354 1.9485 0.251941 -0.653564 -0.713709 -0.104956 0.714695 -0.691517 0.307065
-0.216303 2.12676 2.20034 0.0783728 -0.665103 -0.742628 -0.269161 -0.731372 0.626616 0.307065
-1.14648 -1.60344 2.54068 0.316353 0.512276 -0.798433 0.900504 0.102541 0.422585 0.307065
-1.41584 1.05539 1.61598 0.53333 -0.4363 -0.724708 0.565118 -0.453723 0.689041 0.307065
-1.66071 0.539675 1.837 0.627509 -0.214155 -0.748578 0.496516 -0.630514 0.596593 0.307065
-0.957929 0.994326 1.92444 0.392386 -0.370297 -0.84197 0.686995 -0.49069 0.535967 0.307065
-2.39877 0.86687 1.27593 0.810539 -0.298933 -0.503652 0.214276 -0.648965 0.730021 0.307065
-1.29443 1.75746 0.741297 0.58467 -0.741209 -0.329802 0.0722056 -0.357368 0.931168 0.307065
-1.98523 1.15899 1.34775 0.748474 -0.417405 -0.515324 0.407534 -0.323518 0.853962 0.307065
-0.967766 1.86297 1.48653 0.361319 -0.708816 -0.605829 0.533621 -0.375623 0.75773 0.307065
-1.49372 1.34799 1.73728 0.560637 -0.490784 -0.666946 0.287404 -0.640032 0.712572 0.307065
-1.58888 0.535577 1.88326 0.615061 -0.197994 -0.763216 0.417744 -0.739115 0.528393 0.307065
-1.61216 0.221406 1.93297 0.61039 -0.0889499 -0.78709 0.4004 -0.822726 0.403488 0.307065
-1.6027 0.2964 1.93469 0.593171 -0.120262 -0.796044 0.362028 -0.843322 0.397169 0.307065
0.218774 2.21921 -1.51501 -0.104248 -0.853012 0.511373 -0.918323 0.279976 0.279814 0.307065
-1.75618 1.69406 1.33207 0.613136 -0.622232 -0.486716 0.486843 -0.187584 0.85311 0.307065
-1.95669 1.00684 1.42248 0.745568 -0.390256 -0.540212 0.385114 -0.409256 0.827162 0.307065
-1.44969 1.06624 2.03506 0.526466 -0.363289 -0.76867 0.503515 -0.595272 0.626198 0.307065
-1.26547 -1.7231 -0.790881 0.597644 0.708493 0.375312 -0.254251 -0.276474 0.926779 0.307065
-2.24965 -0.228749 0.960829 0.901324 0.127671 -0.413901 0.427523 -0.415681 0.802766 0.307065
-1.70885 -1.54062 -0.228042 0.767985 0.627164 0.129862 0.13853 -0.360622 0.922367 0.307065
-2.58424 -0.181818 -0.575039 0.969405 0.0366002 0.242724 -0.0773912 -0.892819 0.443717 0.307065
-2.25187 -0.457271 0.909249 0.929243 0.126966 -0.346967 0.352436 -0.586451 0.72929 0.307065
-2.14154 -0.862629 0.288787 0.928 0.350488 -0.126387 0.272278 -0.40641 0.872178 0.307065
-2.59193 -1.37429 0.933812 0.852526 0.431181 -0.295436 0.455115 -0.334402 0.825255 0.307065
-2.03115 0.0870719 2.08275 0.693036 -0.0153865 -0.720739 0.665525 -0.37062 0.647856 0.307065
-0.949196 -0.887111 1.87306 0.418319 0.337419 -0.843302 0.880042 0.0792224 0.468242 0.307065
-0.716791 -0.42556 2.48688 0.258943 0.155413 -0.953307 0.946476 0.156076 0.282532 0.307065
-0.624639 0.50723 2.5053 0.219168 -0.16878 -0.960978 0.966402 -0.0980047 0.237618 0.307065
-0.680774 0.0315766 2.55847 0.256183 -0.0237201 -0.966337 0.821871 -0.520883 0.23067 0.307065
0.111328 -0.926795 2.44427 -0.0545197 0.345057 -0.936997 0.99758 0.0593836 -0.0361762 0.307065
-0.620308 -2.48792 0.7142 0.213663 0.942455 -0.257149 0.357752 -0.320428 -0.87712 0.307065
-0.698603 -0.947029 2.39564 0.261508 0.343006 -0.902198 0.849567 -0.525427 0.0464913 0.307065
-1.77409 0.326057 1.7721 0.641292 -0.134819 -0.75536 0.599454 -0.526472 0.602895 0.307065
-1.63428 -0.887704 1.80811 0.634661 0.276095 -0.721787 0.707671 -0.582905 0.399279 0.307065
0.134684 0.313977 2.59262 -0.0642172 -0.128577 -0.989618 0.973655 -0.225493 -0.0338839 0.307065
-0.634048 -0.117298 2.56137 0.243953 -0.00746177 -0.969758 0.961547 -0.128215 0.242874 0.307065
-0.807109 0.00401759 2.44664 0.312564 -0.0255025 -0.949554 0.948509 -0.0456313 0.313445 0.307065
-1.42601 0.0950277 2.93242 0.443928 -0.0496548 -0.894685 0.336987 0.934417 0.115348 0.307065
-2.90904 0.577086 -1.7548 0.851087 -0.161919 0.499432 0.0918823 0.982511 0.161959 0.307065
-3.51424 1.01771 1.36061 0.896369 -0.261621 -0.357878 0.255842 0.964575 -0.0643349 0.307065
1.63476 -2.47997 1.23262 -0.512658 0.76219 -0.395283 -0.200444 0.341418 0.91829 0.307065
2.8212 -1.4975 0.253119 -0.887784 0.447977 -0.105623 -0.0652031 0.104759 0.992358 0.307065
-2.72863 -1.22642 0.49895 0.88893 0.413333 -0.197383 0.235551 -0.0429338 0.970913 0.307065
-0.164895 0.720468 3.16329 0.037725 -0.2413 -0.969717 0.132544 0.963042 -0.234482 0.307065
-3.29921 0.00505936 -1.01764 0.957697 -0.00218634 0.287771 0.0266442 0.99635 -0.0811019 0.307065
2.62877 0.994176 1.45359 -0.826825 -0.345612 -0.443749 -0.272686 0.936336 -0.221174 0.307065
-1.28006 0.432187 -2.84897 0.413635 -0.156634 0.896868 -0.0331995 0.98184 0.186785 0.307065
-1.54106 0.547998 -2.74683 0.48911 -0.186301 0.852094 0.123548 0.981871 0.143757 0.307065
-1.08619 0.718481 -2.70729 0.355942 -0.292704 0.887485 0.124123 0.956075 0.265544 0.307065
-2.43556 0.594578 1.36197 0.838148 -0.269327 -0.474311 0.143494 0.947834 -0.28464 0.307065
1.09465 1.16415 2.69787 -0.347649 -0.418176 -0.839208 -0.15465 0.908351 -0.388565 0.307065
-2.63705 0.314885 1.61605 0.843818 -0.151404 -0.514828 0.148389 0.987798 -0.0472841 0.307065
1.22856 1.02133 2.78912 -0.392223 -0.316942 -0.863544 -0.150229 0.948234 -0.279791 0.307065
1.5922 1.27008 2.72184 -0.472896 -0.394058 -0.788091 -0.145531 0.917068 -0.371223 0.307065
2.76621 0.368413 -1.55449 -0.855368 -0.150694 0.495617 -0.0864113 0.984855 0.150315 0.307065
1.20906 0.73064 2.79315 -0.393145 -0.259013 -0.882241 -0.0637366 0.964872 -0.25487 0.307065
1.28686 0.404146 2.80225 -0.419041 -0.155194 -0.894606 -0.0408303 0.987508 -0.152185 0.307065
-2.12917 -1.06287 -1.02078 0.823446 0.4132 0.388848 0.289554 0.283343 -0.914262 0.307065
0.609852 -0.824363 -3.08402 -0.182413 0.225065 0.957116 -0.765472 0.57843 -0.281906 0.307065
-0.0983296 2.33415 0.984129 0.0613742 -0.913384 -0.402446 -0.0488422 -0.405471 0.912802 0.307065
-0.189417 -0.407883 -2.62572 0.0437907 0.15459 0.987008 0.406159 0.89987 -0.158962 0.307065
-0.0353136 1.29136 1.68638 0.0518921 -0.590328 -0.805493 0.437312 0.738566 -0.513106 0.307065
2.77182 -1.14097 -0.0308659 -0.930469 0.36637 -0.000883948 0.362831 0.921141 -0.140902 0.307065
0.718047 0.142938 -2.79614 -0.271766 -0.0516482 0.960976 -0.912925 0.329771 -0.240454 0.307065
-1.08643 -2.25532 -1.10827 0.393756 0.813787 0.427443 0.414249 -0.572208 0.707796 0.307065
-0.626743 -0.18627 -2.73027 0.213777 0.0725505 0.974185 -0.242794 0.969893 -0.0189515 0.307065
0.552132 -0.539779 -2.94013 -0.174721 0.165223 0.970657 -0.342309 0.914134 -0.217218 0.307065
2.65521 -1.30711 -0.124162 -0.894761 0.440914 0.0706853 0.0309923 0.21923 -0.975181 0.307065
2.1835 1.66728 -0.164172 -0.792316 -0.608423 0.0453494 -0.607229 0.793609 0.0381861 0.307065
2.27233 -0.657179 -0.630062 -0.927007 0.261156 0.269176 -0.261298 0.0651232 -0.963059 0.307065
0.324422 -0.0207925 -3.12013 -0.0941603 0.00639935 0.995536 -0.513774 -0.856843 -0.0430862 0.307065
2.77153 0.294274 -0.0064033 -0.99418 -0.107302 0.0096507 -0.00777496 -0.0178856 -0.99981 0.307065
-0.111388 0.0106653 -2.38592 0.037862 -0.0119175 0.999212 0.745003 0.666752 -0.0202773 0.307065
-2.36061 0.0871997 0.718792 0.939151 -0.0330558 -0.34191 0.0169234 -0.989698 0.142169 0.307065
0.66202 0.421472 2.14624 -0.2697 -0.260001 -0.927179 0.0648794 0.955764 -0.286889 0.307065
0.101011 0.198965 2.78278 0.00751249 -0.0649077 -0.997863 -0.874318 0.483859 -0.0380558 0.307065
-0.631961 -0.947354 -2.66054 0.205361 0.311487 0.927795 -0.797265 0.60307 -0.0259985 0.307065
-2.09876 -2.74269 0.384898 0.608111 0.793497 -0.0237154 0.0487215 -0.0671228 -0.996554 0.307065
-1.24246 -0.781585 -2.22463 0.456767 0.255669 0.852055 -0.0852327 0.965981 -0.244163 0.307065
1.3668 -0.599252 -2.12128 -0.50341 0.221323 0.835221 0.0300547 0.970538 -0.239065 0.316332
1.04149 -0.576902 2.85881 -0.337188 0.130946 -0.932286 -0.0660533 0.984549 0.162176 0.307065
-0.877979 -0.577202 2.62604 0.303746 0.119072 -0.945283 -0.100877 0.990602 0.0923658 0.307065
-0.868918 0.609417 2.48587 0.312996 -0.314922 -0.896023 0.380688 0.905923 -0.18542 0.307065
0.610673 -0.352743 -2.33341 -0.248952 0.0730814 0.965755 -0.00963257 0.996913 -0.0779223 0.307065
1.86788 -0.352284 2.14261 -0.655332 0.0592485 -0.753014 0.196276 0.976031 -0.0940192 0.307065
2.76594 -0.465539 0.602248 -0.970274 0.115476 -0.21268 0.126744 0.991125 -0.0400871 0.324644
1.41721 -0.206518 -2.07676 -0.56028 -0.0618951 0.825987 -0.110559 0.993869 -0.000518408 0.307065
1.26191 -0.562845 2.38399 -0.475623 0.14289 -0.867966 -0.0506192 0.980638 0.189177 0.307065
1.22424 -0.354686 -2.59156 -0.425174 0.0348282 0.904441 0.000236953 0.999264 -0.0383682 0.307065
-2.22879 -1.31212 -0.6567 0.842001 0.497851 0.207795 -0.208297 -0.0552891 0.976502 0.307065
1.83671 2.23399 0.321207 -0.631533 -0.756097 -0.171706 -0.0742965 -0.161425 0.984084 0.307065
0.722831 -0.154703 2.47298 -0.27933 -0.0322719 -0.959653 -0.0506283 0.99854 -0.018843 0.307065
-0.685364 -0.262036 -2.43644 0.249655 0.0216269 0.968093 0.0170466 0.999497 -0.0267245 0.307065
0.57247 -0.496368 2.78916 -0.211035 0.108279 -0.971463 -0.0249152 0.992927 0.116084 0.307065
-2.41239 -0.0650088 -0.0732315 0.994186 -0.103412 0.0300019 0.103596 0.994609 -0.00462461 0.307065
-2.80497 -1.66626 -0.318127 0.85989 0.509828 0.0257852 -0.0813227 0.0869446 0.992888 0.307065
0.817062 1.93808 1.91041 -0.379684 -0.658292 -0.649994 0.925111 -0.272573 -0.264337 0.307065
0.750554 0.22841 3.01405 -0.240252 -0.0389287 -0.96993 0.0140523 0.998951 -0.0435742 0.307065
-1.40164 0.126645 3.09038 0.397801 -0.025765 -0.91711 0.0049447 0.999651 -0.0259391 0.307065
0.442763 0.239193 3.30291 -0.129846 -0.0664401 -0.989306 0.0303158 0.99702 -0.0709372 0.307065
0.356632 0.332262 3.13399 -0.110269 -0.0617233 -0.991983 0.0158714 0.997833 -0.0638515 0.307065
0.904302 0.278084 3.12372 -0.264449 -0.0757151 -0.961423 -0.0816346 0.995093 -0.0559123 0.307065
0.00655267 0.687689 3.25007 -0.00600043 -0.190607 -0.981648 0.0518722 0.980285 -0.190659 0.307065
-1.01043 0.264134 3.05268 0.313949 -0.0507691 -0.948081 -0.0468256 0.996526 -0.0688692 0.307065
0.810142 0.278922 -3.05599 -0.266897 -0.0712763 0.961086 0.10914 0.98861 0.103626 0.307065
0.237625 0.447538 3.24593 -0.0687711 -0.131882 -0.988877 -0.0564344 0.990151 -0.128127 0.307065
-0.170049 0.0263939 2.90664 0.0542573 -0.0136974 -0.998433 -0.0446404 0.998873 -0.0161293 0.307065
0.78135 0.111786 3.10431 -0.24691 -0.0518207 -0.967652 0.0637623 0.995536 -0.0695839 0.307065
-1.55318 0.700328 2.71515 0.485996 -0.194432 -0.852059 0.194271 0.974581 -0.111583 0.307065
0.832583 0.0220838 2.86414 -0.33201 0.000984823 -0.943276 -0.025808 0.999616 0.0101274 0.307065
0.559132 0.362511 2.86455 -0.179697 -0.11493 -0.976985 -0.016079 0.993362 -0.113899 0.307065
0.259032 1.0812 2.97511 -0.0850021 -0.340637 -0.936345 0.0765825 0.934732 -0.347002 0.307065
-0.91673 0.486245 2.79259 0.30909 -0.132674 -0.941733 0.033852 0.991129 -0.128523 0.307065
0.184497 0.362228 2.97246 -0.0442709 -0.109129 -0.993041 -0.0532128 0.992862 -0.106737 0.307065
-0.500646 0.958765 3.08653 0.145506 -0.263449 -0.953636 0.0304051 0.96463 -0.261847 0.307065
-0.276231 0.617451 2.98962 0.0741108 -0.184337 -0.980065 -0.00705444 0.982646 -0.185356 0.307065
0.872592 -0.368265 3.14983 -0.268056 0.117311 -0.956234 0.00891263 0.992818 0.1193 0.307065
-0.860752 3.12836 0.0588929 0.257517 -0.96607 -0.0198299 -0.790376 -0.2224 0.570827 0.307065
2.28315 -0.9686 0.411165 -0.916645 0.370748 -0.149359 0.190883 0.0777322 -0.97853 0.307065
-0.0400182 0.190132 3.18772 -0.0309064 -0.0582967 -0.997821 -0.998007 -0.0531465 0.0340172 0.307065
2.32951 0.366285 0.56265 -0.96968 -0.158214 -0.186248 0.220183 -0.896268 -0.384999 0.307065
-0.784859 1.98292 -0.24914 0.342101 -0.939103 0.0324544 -0.917593 -0.326425 0.226868 0.307065
-0.799548 -2.4428 -0.250573 0.342843 0.937681 0.0566886 0.894058 -0.344223 0.286655 0.307065
-0.363417 2.58167 -0.0495609 0.129568 -0.991407 -0.0180104 -0.853512 -0.120755 0.506888 0.307065
-0.674087 1.34733 2.27396 0.26012 -0.481893 -0.83673 -0.92406 0.127131 -0.360487 0.307065
-1.52878 -1.92091 -1.95557 0.509562 0.641217 0.573749 -0.273034 0.75285 -0.59889 0.307065
0.600803 -1.72749 1.43708 -0.220199 0.763502 -0.607105 -0.901436 0.0785401 0.425727 0.307065
1.96219 -1.88447 0.504617 -0.730176 0.657231 -0.186787 -0.132522 0.131959 0.982357 0.307065
-1.35309 -0.318344 2.29335 0.518385 0.151884 -0.841551 -0.849154 0.207729 -0.485577 0.307065
-0.231858 -0.0251742 2.48725 0.109361 0.0826148 -0.990563 -0.83072 0.554832 -0.0454402 0.307065
-0.576679 0.863547 2.28506 0.221686 -0.31019 -0.924466 -0.917837 0.253773 -0.305245 0.307065
-0.40553 0.353318 2.23858 0.166863 -0.0816247 -0.982596 -0.966713 0.182505 -0.179326 0.307065
-0.885402 0.217333 2.15267 0.43651 -0.00904092 -0.899654 -0.869458 0.252838 -0.4244 0.307065
0.613629 0.979455 1.79046 -0.269034 -0.401079 -0.875646 -0.89586 0.438027 0.0746124 0.307065
0.676834 2.17695 0.728422 -0.279613 -0.918875 -0.278361 -0.890145 0.139452 0.433813 0.307065
-0.0280761 1.14532 -2.55663 0.0101556 -0.404555 0.914457 0.822553 0.523393 0.222413 0.307065
-0.402131 0.238291 2.1738 0.155373 -0.119535 -0.980597 -0.888729 0.41648 -0.191586 0.307065
0.984449 2.38801 -0.671438 -0.358711 -0.910616 0.205193 -0.777245 0.169644 -0.605896 0.307065
-0.523073 -2.34821 -0.593128 0.18713 0.964306 0.187338 0.97788 -0.16472 -0.128909 0.307065
-0.972221 -2.42261 -0.100467 0.328927 0.944199 0.0171961 0.907897 -0.311166 -0.280888 0.307065
0.362677 -2.18687 -0.530002 -0.133131 0.965742 0.22275 0.339875 -0.166636 0.92559 0.307065
0.714932 2.17702 0.22381 -0.29711 -0.948458 -0.110242 -0.931876 0.313195 -0.183072 0.307065
-0.613328 -2.441 0.179306 0.199368 0.975526 -0.0927394 0.97961 -0.200808 -0.00636893 0.307065
-0.322523 -2.5474 -1.12645 0.121705 0.91708 0.379673 0.749444 -0.335706 0.570645 0.307065
-0.139121 2.62453 0.252681 0.0472192 -0.992404 -0.113602 0.0686435 0.116684 -0.990794 0.307065
0.214398 2.7233 -0.145802 -0.0649477 -0.99757 0.0252079 0.0015297 -0.0253607 -0.999677 0.307065
-0.10664 2.51035 -0.00774224 0.0292696 -0.999417 -0.0175804 -0.215365 0.0108694 -0.976473 0.307065
0.0680044 -2.20872 -0.237545 -0.0177321 0.995829 0.0895007 -0.152689 0.0857677 -0.984546 0.307065
0.452161 2.18236 -0.891513 -0.148606 -0.913048 0.379816 -0.536178 -0.24833 -0.80675 0.307065
-0.0480612 -2.29098 -0.329054 0.00856126 0.993221 0.115929 0.526919 -0.103012 0.84365 0.307065
-0.254663 2.35975 0.447276 0.0957893 -0.97808 -0.184887 0.995384 0.0930187 0.0236218 0.307065
0.0281025 2.61095 0.016929 -0.00572941 -0.999961 -0.00672491 0.986804 -0.00456552 -0.161855 0.307065
-0.236444 2.21623 0.654306 0.0841503 -0.9625 -0.257902 0.996268 0.086251 0.00317831 0.307065
0.197033 2.62674 0.0538222 -0.0395621 -0.999154 -0.0112372 0.977998 -0.0410248 0.20454 0.307065
0.679574 2.42059 0.308416 -0.248578 -0.959971 -0.129093 0.966432 -0.254742 0.0333932 0.307065
-0.191855 2.63132 -0.326972 0.116739 -0.985523 0.122946 0.840378 0.163993 0.516596 0.307065
0.163986 2.07407 0.473283 -0.0823304 -0.96848 -0.235093 -0.203381 0.247257 -0.947365 0.307065
-1.43146 1.98015 -0.505002 0.531299 -0.82018 0.212194 -0.308848 0.0457177 0.950012 0.307065
-1.10516 1.46716 -1.05428 0.494858 -0.708356 0.503336 -0.362439 0.358193 0.860428 0.307065
-0.0489141 -1.90009 0.789814 0.0240005 0.925252 -0.378594 0.366345 0.34422 0.864468 0.307065
-1.04385 -0.45453 -1.67857 0.48009 0.227873 0.847105 0.450842 0.764281 -0.461104 0.307065
-0.695029 -1.15196 -1.61895 0.312592 0.556899 0.769513 0.215499 0.747409 -0.628443 0.307065
-0.534179 0.226183 2.34951 0.24132 -0.106015 -0.964637 0.507149 -0.833702 0.218497 0.307065
-0.823488 -0.10979 2.13559 0.352085 0.0428273 -0.934988 0.460028 -0.877884 0.133019 0.307065
-2.17119 -0.692358 -0.452265 0.944282 0.284965 0.164701 0.029469 -0.571592 0.820009 0.307065
-2.23017 -0.504012 0.62366 0.953818 0.179924 -0.24054 -0.0847203 0.929392 0.35924 0.307065
-1.58213 -1.4337 -1.91217 0.541338 0.468411 0.698244 -0.622586 0.781448 -0.0415467 0.307065
-1.32121 -0.0761348 1.7533 0.577908 0.0245241 -0.815733 0.0965856 0.990468 0.0982036 0.307065
-1.54037 -0.60156 1.44478 0.672672 0.265157 -0.690799 -0.156666 0.963459 0.21726 0.307065
-0.231291 2.15263 0.905168 0.11684 -0.921916 -0.369349 0.581703 0.364955 -0.726932 0.307065
0.731364 0.119815 2.38219 -0.233763 -0.0410139 -0.971428 -0.0940075 0.995382 -0.0194034 0.307065
1.16627 0.0851706 2.10349 -0.4241 -0.0294523 -0.905136 -0.305005 0.945726 0.112137 0.307065
0.649289 -0.342093 2.31514 -0.228482 0.15707 -0.960794 -0.223342 0.952122 0.208764 0.307065
0.628627 -0.334373 2.22251 -0.21333 0.159766 -0.963828 -0.3073 0.925492 0.221428 0.307065
-0.868212 -0.269544 -1.50512 0.403665 0.127019 0.906047 0.482394 0.811926 -0.328742 0.307065
-0.840313 -0.89494 -1.60424 0.361435 0.440239 0.821921 -0.218118 0.896976 -0.384524 0.307065
0.177338 -0.657698 -1.99203 -0.0788041 0.316381 0.945353 -0.298601 0.897271 -0.325181 0.307065
0.199998 2.34489 -0.375096 -0.128626 -0.978183 0.163137 -0.926365 0.177235 0.332318 0.307065
-0.296407 1.84149 1.85923 0.126134 -0.691974 -0.710818 -0.410959 0.615714 -0.672316 0.307065
-1.23855 -0.00940434 -1.73993 0.544795 0.0226912 0.838262 -0.504204 0.807619 0.305826 0.307065
0.902768 1.66679 0.933981 -0.384649 -0.815663 -0.432132 -0.476976 0.57644 -0.663483 0.307065
0.229688 2.24034 0.684318 -0.0862888 -0.949434 -0.301876 -0.518867 0.301495 -0.799923 0.307065
0.673445 1.99491 1.05999 -0.272641 -0.844878 -0.46027 -0.501182 0.533077 -0.681649 0.307065
0.865747 2.2292 0.385756 -0.361915 -0.921516 -0.140803 -0.485339 0.31522 -0.815526 0.307065
-0.193776 1.93292 1.18684 0.0840621 -0.807587 -0.583727 -0.594943 0.429252 -0.679548 0.307065
-1.05637 -0.380934 1.8138 0.443246 0.192842 -0.875412 -0.54442 0.833753 -0.0919907 0.307065
-0.395772 -0.955446 2.06652 0.202392 0.411856 -0.888489 0.93715 0.181868 0.297781 0.307065
-1.14703 1.30851 1.24662 0.476704 -0.605421 -0.637354 0.521001 -0.389392 0.759561 0.307065
0.28788 2.10196 0.592573 -0.129048 -0.953808 -0.271286 -0.548173 0.296589 -0.782011 0.307065
0.732326 2.03214 -0.563624 -0.294998 -0.91793 0.265294 -0.503161 0.385272 0.77356 0.307065
-1.95018 0.634396 0.872153 0.89736 -0.240742 -0.369849 -0.440481 -0.539636 -0.717474 0.307065
0.908414 2.16143 0.116496 -0.356194 -0.93197 -0.0675041 -0.42878 0.227209 -0.87437 0.307065
-1.3861 -0.439537 1.83331 0.612611 0.237766 -0.753773 0.586088 -0.776504 0.231392 0.307065
1.47329 -0.525103 1.09866 -0.718534 0.337951 -0.607863 -0.0713391 0.833582 0.547771 0.307065
0.32342 0.564455 -2.2695 -0.119016 -0.222147 0.967722 0.9499 0.258222 0.176101 0.307065
0.546218 2.46453 0.855827 -0.2047 -0.933246 -0.295213 0.508311 -0.359095 0.782733 0.307065
-0.0497202 0.862291 -1.85853 0.0331518 -0.353503 0.934846 0.0903614 0.932589 0.349445 0.307065
-2.97984 -1.67243 0.218352 0.870606 0.487861 -0.0635322 -0.0674375 0.246255 0.966856 0.307065
-0.42516 3.31833 -0.046017 0.12782 -0.991679 0.0153449 -0.982049 -0.128712 -0.137889 0.307065
-1.22719 3.08066 0.487767 0.379001 -0.91748 -0.120782 0.0453348 -0.111955 0.992679 0.307065
0.000808422 -0.0602004 0.00845481 -0.0140816 0.988542 -0.150288 0.160098 0.150593 0.975546 0.307065
0.231353 2.96391 -0.0296906 -0.0783582 -0.996872 0.0102928 0.031806 0.00781945 0.999463 0.307065
-0.845751 -4.72964 1.1343 0.168842 0.958641 -0.22913 -0.05826 0.241768 0.968584 0.307065
-2.69359 -1.24561 0.258817 0.901601 0.423756 -0.0868677 0.0556584 0.0855038 0.994782 0.307065
-0.918169 -1.98561 -2.92801 0.249413 0.549193 0.797609 -0.962862 0.0527038 0.264798 0.307065
1.34199 2.7087 1.42489 -0.399214 -0.811777 -0.4262 -0.102099 -0.422597 0.900549 0.307065
-2.22638 2.00042 -0.608913 0.719581 -0.672729 0.172161 -0.683105 -0.730318 0.00141332 0.307065
-2.4354 0.890447 -1.02631 0.893396 -0.314405 0.320926 -0.315649 -0.947578 -0.049617 0.307065
-1.66859 3.16279 -1.34841 0.424054 -0.828738 0.3652 -0.0741359 0.370133 0.926016 0.307065
3.42598 -1.14963 1.02953 -0.911926 0.302313 -0.277486 -0.169376 0.338622 0.925552 0.307065
0.743047 3.5055 -0.277668 -0.200227 -0.977665 0.0638751 0.00658477 0.063851 0.997938 0.307065
-1.93994 -1.43962 1.83762 0.662895 0.471176 -0.581862 -0.464264 -0.351023 -0.813168 0.307065
0.357293 -0.100687 3.84013 -0.0758145 0.0320546 -0.996607 -0.898202 0.431825 0.0822177 0.307065
2.93961 0.750977 0.191499 -0.968459 -0.246393 -0.0371049 -0.225089 0.928973 -0.293844 0.307065
-0.799986 -2.56251 0.205217 0.305816 0.9433 -0.129076 0.00649355 0.133502 0.991027 0.307065
0.37343 2.77271 0.213908 -0.117792 -0.99267 -0.0270244 0.190624 -0.0493108 0.980424 0.307065
-0.149471 2.34656 0.519307 0.114512 -0.981521 -0.15331 0.380406 -0.0992386 0.91948 0.307065
-0.285461 -0.0537393 -2.34846 0.0832565 0.0134069 0.996438 0.0567136 0.998225 -0.0181696 0.307065
2.05909 1.30717 -0.561326 -0.824591 -0.522352 0.217253 -0.526612 0.849037 0.0426107 0.307065
-0.44764 1.39366 2.95142 0.126314 -0.425734 -0.895989 -0.166399 0.881332 -0.442228 0.307065
0.406495 0.0195879 -2.43951 -0.175297 -0.0397824 0.983712 -0.140301 0.989995 0.015035 0.307065
1.07602 -0.861398 -2.69981 -0.345582 0.270245 0.898633 0.130363 0.962174 -0.239221 0.307065
0.0746289 -0.279909 -2.59686 -0.0127328 0.113016 0.993512 0.0550254 0.992166 -0.112158 0.307065
-0.123658 -1.08205 -2.54907 0.0418142 0.411647 0.910384 0.0188539 0.910693 -0.412653 0.307065
1.26174 0.0539861 -2.8561 -0.378048 -0.0314821 0.925251 0.188163 0.975948 0.110089 0.307065
-0.53202 0.194718 -3.28917 0.143045 -0.0918558 0.985444 0.147462 0.986548 0.0705534 0.307065
1.15231 -0.69784 -2.3537 -0.447283 0.213881 0.868443 0.149205 0.975223 -0.163332 0.307065
0.156735 -0.963671 -2.85467 -0.0545123 0.310304 0.949073 -0.230273 0.920959 -0.314338 0.307065
-0.265255 -0.385101 -2.5607 0.0812236 0.162064 0.983432 -0.0155374 0.986778 -0.161332 0.307065
2.20006 0.331334 -1.26152 -0.853784 -0.160008 0.495429 -0.228557 0.970194 -0.0805357 0.307065
0.205272 -0.953298 -3.04519 -0.0553718 0.293788 0.954265 -0.0813676 0.951225 -0.297574 0.307065
0.491287 -1.29813 -2.3578 -0.195087 0.4276 0.882666 0.0961246 0.903961 -0.416671 0.307065
1.95698 -0.996247 -2.45276 -0.60525 0.292692 0.740273 0.168137 0.955974 -0.240507 0.307065
0.866088 0.171343 -2.33284 -0.367259 -0.0607571 0.928132 -0.222436 0.974647 -0.0242151 0.307065
-0.551161 2.12636 1.89883 0.187463 -0.722021 -0.66599 0.883944 -0.17168 0.434936 0.307065
1.10832 0.27386 -2.69425 -0.353993 -0.102801 0.929581 -0.0958168 0.992697 0.0732926 0.307065
-1.76703 -0.273881 -2.16632 0.645921 0.0591044 0.761113 0.184282 0.955442 -0.230587 0.307065
0.97648 -0.644587 3.07078 -0.301515 0.195225 -0.933261 0.0399756 0.980541 0.1922 0.307065
0.0323201 -1.2944 2.78792 -0.0104095 0.439927 -0.897973 0.0361803 0.8976 0.439324 0.307065
0.806777 -0.986293 2.55872 -0.271212 0.298484 -0.915069 0.0694367 0.954292 0.290698 0.307065
-0.289093 -1.32016 -3.105 0.0877079 0.385265 0.918629 0.995996 -0.0178765 -0.0875974 0.307065
-2.56075 1.06856 2.44767 0.68924 -0.296102 -0.661265 0.348515 0.935647 -0.0557054 0.307065
-1.56107 -0.895458 2.32064 0.536972 0.336625 -0.773528 -0.159142 0.940894 0.298985 0.307065
0.131106 -2.44616 1.76153 -0.0456792 0.810545 -0.583892 -0.274034 0.551912 0.78759 0.307065
-0.281761 0.402073 3.29607 0.0819453 -0.110309 -0.990513 0.490887 0.869408 -0.056211 0.307065
-1.42353 2.04737 -0.309767 0.570829 -0.81792 0.0718467 0.0325068 0.109948 0.993406 0.307065
2.50297 0.017558 -2.31357 -0.733325 -0.0163163 0.679683 -0.00189363 0.999757 0.0219569 0.307065
-1.05021 -0.698346 2.85985 0.321312 0.251625 -0.912931 -0.0478807 0.967135 0.249713 0.307065
-0.815833 -2.0603 1.96851 0.303371 0.689376 -0.65782 0.947554 -0.145419 0.284594 0.307065
0.458133 -1.55522 2.78727 -0.123288 0.485267 -0.86563 -0.168277 0.84943 0.500152 0.307065
-0.798011 -0.112862 2.92848 0.255649 0.0709477 -0.964163 -0.000300418 0.997309 0.0733072 0.307065
-1.89146 0.471675 -2.52615 0.59811 -0.168668 0.783464 -0.0961569 0.955436 0.279098 0.307065
-2.05484 0.839065 -2.33856 0.636461 -0.276839 0.719915 -0.00154672 0.932908 0.360112 0.307065
-0.0177108 -0.162147 -3.16115 0.0101761 0.0243161 0.999653 0.0297099 0.999256 -0.0246089 0.307065
-2.8698 1.31571 -0.198595 0.910518 -0.407967 0.0672235 0.307433 0.776723 0.549715 0.307065
-1.35935 -0.0147037 3.21527 0.389993 0.00792879 -0.920784 0.91572 -0.108413 0.386915 0.307065
-0.0464125 -1.13976 3.00551 0.0174014 0.399344 -0.916636 -0.0140705 0.916782 0.39914 0.307065
2.03938 1.58887 -2.00705 -0.643246 -0.485456 0.592087 -0.189942 0.850306 0.490818 0.307065
1.5152 2.22523 -1.94367 -0.454641 -0.675384 0.580653 -0.347867 0.734792 0.582296 0.307065
3.03434 2.02517 -0.914631 -0.816041 -0.522751 0.246594 -0.408771 0.823592 0.393195 0.307065
2.99672 -0.077474 1.71554 -0.865431 0.011566 -0.500895 0.376785 0.673985 -0.635435 0.307065
1.78863 0.487007 2.90463 -0.510723 -0.14872 -0.846785 -0.612114 0.754522 0.23667 0.307065
-1.45016 2.75262 -1.10732 0.443614 -0.828942 0.340679 0.28708 0.491533 0.82218 0.307065
0.925805 2.58945 0.352023 -0.320641 -0.932389 -0.166855 -0.305696 -0.0648652 0.949917 0.307065
1.75804 2.31622 -2.15976 -0.493861 -0.622233 0.607394 -0.176431 0.755698 0.630708 0.307065
2.52512 1.84021 1.71756 -0.71799 -0.496336 -0.487997 -0.67786 0.657844 0.328249 0.307065
-0.988366 2.52946 1.9802 0.297102 -0.750065 -0.590875 -0.160431 0.570807 -0.805258 0.307065
1.93011 2.25645 -1.42319 -0.5947 -0.677445 0.432899 -0.432185 0.723434 0.538386 0.307065
-1.9386 2.3651 -1.38217 0.573309 -0.705246 0.417067 0.509116 0.705463 0.493075 0.307065
1.75389 2.06421 -2.06946 -0.53014 -0.592702 0.606346 -0.134802 0.764926 0.629854 0.307065
1.39405 -0.287229 3.04705 -0.413723 0.0962146 -0.905305 -0.60691 0.712058 0.353034 0.307065
-1.2115 1.05436 3.10862 0.353016 -0.292545 -0.888705 -0.299009 0.864771 -0.403441 0.307065
-1.23294 1.40318 -2.33726 0.422979 -0.420268 0.802785 0.460598 0.862668 0.208933 0.307065
-2.13659 -1.14668 2.60534 0.587002 0.321467 -0.743026 -0.346976 -0.729324 -0.589656 0.307065
-1.04961 0.235447 2.99094 0.346544 -0.059637 -0.936136 0.160048 0.987102 -0.00363623 0.307065
2.43369 2.14903 -1.0789 -0.728251 -0.615432 0.301485 -0.41064 0.744078 0.526995 0.307065
2.95086 -0.270615 -0.383465 -0.982656 0.107679 0.150971 0.154262 0.926482 0.34327 0.307065
1.45475 1.57164 -0.413048 -0.676772 -0.731143 0.0860808 -0.703126 0.67659 0.218722 0.307065
2.34643 0.849091 -0.182845 -0.937325 -0.339585 0.0781295 -0.259897 0.830658 0.492403 0.307065
0.521607 2.38554 0.531893 -0.195688 -0.961508 -0.192894 -0.868229 0.0784165 0.489928 0.307065
-0.759996 -0.0385884 1.76005 0.394881 -0.0902885 -0.914285 -0.780342 -0.558208 -0.281906 0.307065
-1.36519 -0.0540036 1.08215 0.780616 -0.0884235 -0.618724 -0.591502 -0.424303 -0.685632 0.307065
1.85965 0.251301 0.350182 -0.983872 -0.0101443 -0.178584 0.157702 0.421962 -0.892792 0.307065
1.83517 1.44927 -1.17104 -0.709378 -0.568675 0.416402 -0.457428 0.820915 0.341844 0.307065
0.71475 0.121192 1.69955 -0.619952 -0.114032 -0.77631 0.637922 0.502814 -0.583295 0.307065
1.53905 -0.21563 1.90685 -0.636236 0.0568795 -0.769395 -0.702104 -0.456043 0.546877 0.307065
1.71395 1.68555 0.507908 -0.701553 -0.689733 -0.179142 -0.673762 0.560126 0.481978 0.307065
2.231 1.75051 -0.283674 -0.784664 -0.615362 0.0750432 0.500381 -0.700159 -0.50931 0.307065
1.82958 1.40317 -0.0656058 -0.798396 -0.601376 -0.0301764 0.510375 -0.649288 -0.563864 0.307065
-0.35081 0.905514 1.98422 0.148309 -0.411748 -0.899149 0.541064 -0.727272 0.422286 0.307065
1.4802 -0.184726 0.486309 -0.912132 0.279882 -0.299469 0.409659 0.597557 -0.689279 0.307065
0.703071 -0.821237 3.25879 -0.20488 0.239374 -0.949065 0.740685 0.671784 0.00954213 0.307065
1.43323 -0.0762827 2.17131 -0.55091 0.0294421 -0.834045 -0.668569 -0.613728 0.419944 0.307065
-0.170231 -1.95791 2.04607 0.0586918 0.69043 -0.721014 -0.550311 -0.580228 -0.600412 0.307065
-1.47577 -1.68508 -0.936512 0.65293 0.636856 0.409996 0.0576557 -0.581527 0.811481 0.307065
1.13156 1.34949 1.07591 -0.57735 -0.57735 -0.57735 -0.816497 0.408275 0.408222 0.307065
-0.0329676 0.254934 0.911576 0.124657 -0.991773 -0.0290871 -0.824064 -0.119816 0.553681 0.307065
-1.0504 0.339864 3.40414 0.296816 -0.088997 -0.950779 0.0383835 0.995955 -0.0812431 0.307065
-0.855619 0.919125 -2.97412 0.274834 -0.233948 0.932596 -0.0326859 0.967113 0.252239 0.307065
1.41377 1.05973 2.35002 -0.489176 -0.309743 -0.815332 -0.140504 0.950591 -0.27683 0.307065
-0.0452309 0.377637 2.6212 0.0152825 -0.130873 -0.991281 0.0102207 0.991366 -0.130726 0.307065
-0.132452 0.869458 2.61356 0.0652276 -0.317875 -0.945886 0.0489894 0.947782 -0.315134 0.307065
3.24793 0.215432 1.17555 -0.940732 -0.0445978 -0.336207 -0.0122808 0.995146 -0.0976432 0.307065
0.830751 2.25152 -0.061386 -0.334279 -0.941209 0.0488209 0.147367 -0.00103478 0.989081 0.307065
-3.17862 0.36451 -1.08139 0.946786 -0.0740652 0.313225 0.100502 0.992535 -0.069092 0.307065
-0.624193 -0.349191 3.15866 0.194697 0.125419 -0.972812 -0.0282281 0.992097 0.122255 0.307065
2.688 0.184856 2.14928 -0.767343 -0.0413622 -0.639902 -0.034703 0.999134 -0.022968 0.307065
2.64414 0.516744 2.065 -0.797257 -0.116248 -0.59234 -0.046581 0.990203 -0.131634 0.307065
0.135529 0.617326 2.18496 -0.073712 -0.237495 -0.968588 0.0224169 0.97059 -0.239692 0.307065
0.584398 0.261854 3.40414 -0.178542 -0.0718077 -0.981309 -0.0234196 0.997361 -0.0687214 0.307065
2.68754 -0.510214 2.06839 -0.789662 0.133711 -0.598795 0.118152 0.990837 0.0654416 0.307065
-1.26093 0.902942 2.11071 0.466217 -0.356372 -0.809717 0.143255 0.933607 -0.328416 0.307065
-0.633736 -0.364229 -2.53959 0.222651 0.113497 0.968269 -0.0743924 0.992282 -0.0992052 0.307065
0.102476 0.112586 2.9235 -0.0343903 0.00580295 -0.999392 0.00887707 0.999945 0.0055007 0.307065
0.305974 0.0758953 2.28833 -0.148631 -0.00290578 -0.988888 -0.0173611 0.999849 -0.0003286 0.307065
-0.437358 2.22525 0.760918 0.176253 -0.938027 -0.298395 0.0763414 -0.289201 0.954219 0.307065
0.634969 1.68072 2.26185 -0.208446 -0.607118 -0.766784 -0.194553 0.794077 -0.575839 0.307065
0.686542 0.655659 2.54228 -0.196676 -0.2652 -0.943921 0.106248 0.951291 -0.289409 0.307065
1.81856 2.14861 -0.637003 -0.65195 -0.731134 0.20101 0.181892 0.106558 0.977528 0.307065
2.4003 -0.940641 -0.34643 -0.937117 0.330419 0.112405 0.0558524 -0.175939 0.982815 0.307065
2.30954 1.56307 0.389592 -0.825787 -0.551473 -0.11812 -0.0667702 0.303563 -0.950469 0.307065
2.07038 -0.107979 1.92813 -0.713646 0.0185906 -0.70026 0.0176764 0.999807 0.00852874 0.307065
0.00566062 -2.58857 -0.936309 0.0194094 0.944155 0.32893 -0.240663 -0.314907 0.918104 0.307065
0.39204 -0.719757 2.60299 -0.156269 0.247143 -0.956295 -0.103229 0.958801 0.26466 0.307065
1.4036 -0.24798 2.00758 -0.543407 0.0820735 -0.835448 0.0598232 0.996465 0.0589804 0.307065
2.51878 1.08637 0.287883 -0.907741 -0.396239 -0.137847 -0.0923477 -0.131796 0.986966 0.307065
2.64652 0.173957 1.45943 -0.879479 -0.031783 -0.474875 -0.0202404 0.999363 -0.0294007 0.307065
2.25896 0.0295196 0.173381 -0.995478 -0.0322689 -0.0893473 -0.0360652 0.9985 0.0412054 0.307065
1.15582 0.220713 2.194 -0.426741 -0.120052 -0.89637 0.0234609 0.989347 -0.143673 0.307065
2.55695 -0.0244677 0.567836 -0.974203 -0.00811287 -0.22553 -0.00679638 0.999955 -0.00661313 0.307065
0.0974708 2.47548 -0.229643 -0.0240505 -0.99734 0.0688133 0.0214996 0.0683013 0.997433 0.307065
0.594708 -0.782052 2.1931 -0.214163 0.327057 -0.920417 -0.018366 0.940765 0.338561 0.307065
0.0196049 -0.353052 2.62495 -0.00173415 0.116654 -0.993171 -0.110653 0.987051 0.116128 0.307065
2.22772 -0.0254915 1.27946 -0.87316 -0.011766 -0.487291 0.00376825 0.999516 -0.0308862 0.307065
0.715115 -0.0296014 1.8184 -0.447565 -0.00836968 -0.894212 -0.0297091 0.999543 0.00551424 0.307065
-2.82825 0.182224 0.451488 0.985613 -0.0325484 -0.165857 0.0268048 0.998965 -0.036752 0.307065
1.97552 -0.423545 1.73745 -0.77443 0.110868 -0.622869 0.0234194 0.988874 0.146898 0.307065
