Stats:
	Average	[0.00371967]
	Folder	[mesh0]
	Guessed	[1]
	ObjFn	[0]
	PerSampleErrors	[0, 0.00445018, 0.0169775, 0, 0, 0, 0, 0, 0, 0, 0, 0, 0, 0, 0, 0.0145897, 0, 0, 0, 0.0621896, 0, 0.0106941, 0, 0, 0, 0, 0.0163983, 0, 0, 0, 0.0915257, 0, 0.017942, 0, 0, 0, 0, 0.0158817, 0, 0, 0, 0, 0, 0, 0, 0, 0, 0, 0, 0, 0, 0, 0, 0.011971, 0, 0, 0, 0, 0, 0, 0, 0, 0.0229971, 0, 0.0173735, 0, 0, 0, 0, 0, 0.0151626, 0, 0, 0, 0, 0, 0, 0, 0, 0, 0, 0, 0, 0.0195178, 0, 0, 0, 0, 0.0892652, 0, 0, 0.0174846, 0, 0, 0, 0, 0, 0, 0, 0.0110138, 0, 0, 0, 0, 0, 0, 0, 0, 0, 0, 0.00950648, 0, 0, 0, 0.0516072, 0, 0, 0, 0, 0, 0, 0, 0, 0, 0, 0.0224227, 0, 0, 0, 0, 0, 0, 0.0115738, 0, 0, 0, 0, 0, 0, 0, 0, 0.0143692, 0, 0, 0, 0, 0, 0, 0, 0, 0, 0, 0, 0, 0.0163984, 0.0230032, 0, 0.0102174, 0.0138041, 0, 0, 0, 0, 0, 0, 0.0165064, 0, 0, 0, 0, 0, 0, 0.0115467, 0, 0, 0, 0, 0, 0, 0.0074847, 0.071682, 0, 0, 0, 0, 0, 0, 0, 0.0453975, 0, 0, 0, 0, 0, 0, 0.0294689, 0, 0, 0, 0, 0.0284691, 0, 0, 0, 0, 0, 0, 0.00944927, 0, 0, 0, 0, 0, 0, 0, 0, 0, 0.0136957, 0, 0, 0, 0, 0, 0, 0, 0, 0, 0, 0, 0, 0, 0, 0, 0, 0, 0.0101735, 0, 0, 0.013467, 0.0322717, 0, 0, 0, 0, 0, 0, 0, 0.0259335, 0, 0, 0, 0, 0, 0, 0, 0, 0, 0, 0, 0, 0, 0, 0.050869, 0, 0, 0, 0, 0, 0, 0, 0, 0, 0, 0, 0, 0.0133723, 0, 0, 0, 0, 0.00174184, 0.0112787, 0, 0, 0, 0.048601, 0, 0, 0, 0, 0, 0, 0, 0.0125813, 0, 0, 0, 0, 0, 0, 0.0156896, 0, 0, 0, 0, 0.00431724, 0, 0, 0, 0, 0, 0.017148, 0, 0, 0, 0, 0.0182843, 0, 0, 0, 0, 0, 0, 0, 0, 0, 0, 0, 0, 0, 0, 0, 0, 0, 0, 0.00858441, 0, 0, 0.0147887, 0, 0, 0, 0, 0, 0, 0.0084894, 0, 0, 0, 0, 0, 0, 0, 0, 0, 0, 0.00814232, 0, 0, 0, 0.0181442, 0, 0, 0, 0, 0, 0.0150974, 0, 0, 0.00767086, 0, 0.00800219, 0.0315835, 0, 0, 0, 0.00835699, 0, 0, 0, 0, 0, 0, 0, 0, 0, 0, 0, 0, 0, 0, 0, 0, 0, 0.0455711, 0, 0, 0, 0, 0.0109211, 0, 0, 0, 0.00828807, 0, 0, 0.0212096, 0, 0, 0, 0.0331609, 0, 0, 0, 0, 0.00526494, 0.0290766, 0, 0, 0, 0, 0, 0, 0.0411466, 0, 0, 0, 0, 0, 0, 0, 0, 0, 0.0260078, 0, 0, 0.023199, 0, 0, 0, 0, 0, 0, 0, 0, 0, 0, 0.0759497, 0, 0.0196168, 0.0276458, 0, 0, 0, 0, 0, 0, 0, 0, 0.0144847, 0, 0, 0, 0, 0, 0, 0, 0, 0, 0, 0, 0, 0, 0, 0, 0.0420911, 0, 0, 0, 0, 0, 0.0751767, 0, 0, 0, 0, 0.00879046, 0, 0, 0, 0, 0, 0, 0, 0, 0.0221583, 0.017948, 0, 0, 0.0162013, 0, 0, 0, 0, 0, 0, 0, 0, 0, 0, 0, 0, 0, 0, 0, 0.00594943, 0, 0, 0, 0.0192835, 0, 0, 0, 0, 0, 0, 0, 0, 0, 0, 0, 0, 0, 0, 0, 0, 0.0104127, 0.0260708, 0, 0.0226299, 0.0152095, 0, 0, 0.0186589, 0.0178835, 0, 0, 0, 0, 0, 0, 0, 0.0263867, 0, 0, 0, 0, 0.0384914, 0, 0, 0, 0, 0, 0, 0, 0, 0, 0, 0, 0, 0, 0, 0, 0, 0.0879272, 0, 0, 0, 0, 0, 0, 0, 0, 0, 0, 0, 0, 0, 0, 0, 0, 0, 0, 0, 0, 0, 0, 0, 0, 0.0469183, 0, 0, 0.0304129, 0, 0, 0, 0, 0, 0, 0, 0, 0.01813, 0, 0, 0, 0, 0, 0.00397067, 0, 0, 0.00661069, 0, 0, 0.0300011, 0, 0.0228646, 0, 0.00560902, 0, 0.00993738, 0, 0, 0, 0, 0, 0, 0, 0, 0, 0, 0, 0.0150195, 0.0298779, 0, 0, 0, 0, 0.0480142, 0, 0, 0.0158825, 0, 0, 0, 0, 0, 0.0119935, 0, 0, 0, 0, 0, 0, 0, 0, 0.0468288, 0.0330432, 0, 0.0290568, 0, 0, 0, 0, 0, 0.0196817, 0, 0.0175231, 0.0143082, 0, 0, 0, 0, 0.00486812, 0, 0, 0, 0.0147585, 0, 0, 0, 0, 0, 0, 0.0636757, 0, 0, 0, 0.0138055, 0, 0, 0, 0, 0, 0, 0.00956253, 0, 0, 0, 0, 0, 0.00536033, 0, 0, 0, 0, 0, 0, 0, 0, 0, 0, 0, 0.0780774, 0, 0, 0, 0, 0.00948034, 0, 0, 0, 0.00918061, 0, 0, 0, 0, 0, 0, 0.015563, 0, 0, 0.0147526, 0, 0, 0, 0, 0.00906656, 0, 0, 0, 0, 0, 0, 0, 0, 0, 0.0129931, 0.00817379, 0, 0, 0.0621841, 0, 0, 0.0145975, 0.0196587, 0, 0, 0, 0, 0, 0, 0, 0, 0, 0, 0.0179036, 0.0162349, 0, 0, 0.0119989, 0, 0, 0, 0, 0, 0, 0, 0, 0, 0, 0, 0, 0, 0, 0.0643058, 0, 0, 0, 0.00987133, 0, 0, 0.00904576, 0, 0, 0, 0, 0, 0, 0, 0, 0, 0, 0, 0, 0, 0, 0, 0, 0, 0, 0, 0, 0, 0.00921143, 0.0222962, 0, 0, 0, 0, 0, 0, 0, 0, 0, 0, 0, 0, 0, 0, 0, 0, 0, 0, 0, 0, 0.0207992, 0.0083257, 0, 0, 0.0431338, 0, 0.0655982, 0, 0.0356619, 0, 0.0850814, 0, 0, 0.0111228, 0, 0, 0, 0, 0.0156906, 0, 0, 0, 0, 0, 0, 0, 0, 0, 0, 0, 0, 0, 0, 0, 0, 0, 0, 0, 0.00349568, 0, 0, 0.0261573, 0, 0, 0, 0, 0, 0, 0, 0, 0.0051761, 0, 0, 0, 0.0378466, 0, 0, 0, 0.0177378, 0.0287805, 0, 0, 0, 0, 0, 0, 0, 0, 0, 0, 0, 0, 0, 0, 0, 0, 0.0149954, 0, 0.0154664, 0, 0.0104675, 0, 0, 0, 0, 0.00406861, 0, 0, 0, 0.00227398, 0.027621, 0.03153, 0.024027, 0.0475864, 0, 0, 0, 0, 0, 0, 0, 0, 0, 0, 0, 0, 0, 0, 0, 0, 0, 0.0109477, 0, 0, 0, 0, 0.00975584, 0, 0, 0, 0.0263868, 0, 0, 0, 0, 0, 0, 0, 0, 0, 0.0247291, 0, 0, 0.00830539, 0, 0, 0, 0, 0, 0, 0, 0, 0, 0, 0, 0, 0.0286196, 0.0144508, 0, 0, 0, 0, 0, 0, 0, 0, 0, 0.00135381, 0, 0, 0, 0, 0, 0, 0, 0, 0, 0, 0, 0, 0, 0, 0, 0, 0, 0, 0, 0, 0]
	Time	[0]
	TimeBench	[0]
	TimeInit	[0]
	TimeMaps	[0]
