Name0 Name1 MapAverage MapMaximum AxisAverage AxisMaximum (Sorted by MapAverage): 
mesh004 	10      	0.499086	1.596810	0.000000	0.000000
michael12	12      	0.493101	1.207750	0.000000	0.000000
mesh021 	9       	0.492527	1.665910	0.000000	0.000000
victoria4	gorilla8	0.492451	1.277460	0.000000	0.000000
mesh012 	19      	0.490788	1.477640	0.000000	0.000000
victoria10	mesh024 	0.489162	1.410180	0.000000	0.000000
michael1	mesh062 	0.485178	1.391680	0.000000	0.000000
mesh020 	david13 	0.477804	1.440460	0.000000	0.000000
michael3	victoria21	0.477684	1.585510	0.000000	0.000000
mesh013 	michael1	0.477564	1.461950	0.000000	0.000000
7       	mesh041 	0.466295	1.393860	0.000000	0.000000
12      	mesh022 	0.463101	1.223970	0.000000	0.000000
mesh054 	gorilla8	0.453617	1.213720	0.000000	0.000000
mesh059 	michael4	0.288618	1.469420	0.000000	0.000000
mesh033 	michael6	0.262814	1.150970	0.000000	0.000000
gorilla8	victoria7	0.118371	0.279930	0.000000	0.000000
michael6	gorilla14	0.094432	0.404574	0.000000	0.000000
michael2	gorilla8	0.092776	0.192229	0.000000	0.000000
gorilla5	13      	0.086408	0.220738	0.000000	0.000000
19      	mesh007 	0.080001	0.248507	0.000000	0.000000
mesh064 	victoria23	0.079414	0.185554	0.000000	0.000000
mesh027 	gorilla1	0.078866	0.171632	0.000000	0.000000
gorilla14	mesh016 	0.077050	0.253284	0.000000	0.000000
mesh032 	gorilla8	0.076386	0.161733	0.000000	0.000000
mesh068 	gorilla5	0.076330	0.242319	0.000000	0.000000
6       	victoria1	0.076309	0.132373	0.000000	0.000000
victoria1	mesh054 	0.075777	0.188387	0.000000	0.000000
gorilla1	mesh042 	0.075741	0.257887	0.000000	0.000000
mesh018 	9       	0.075736	0.209572	0.000000	0.000000
mesh052 	victoria24	0.074828	0.320098	0.000000	0.000000
mesh038 	gorilla5	0.074801	0.175181	0.000000	0.000000
mesh050 	8       	0.074057	0.157203	0.000000	0.000000
mesh070 	victoria7	0.073785	0.205738	0.000000	0.000000
13      	mesh009 	0.072197	0.175351	0.000000	0.000000
mesh053 	victoria10	0.072146	0.204726	0.000000	0.000000
mesh002 	michael14	0.071378	0.982007	0.000000	0.000000
mesh066 	michael14	0.070728	0.975697	0.000000	0.000000
mesh011 	david11 	0.069703	0.149350	0.000000	0.000000
3       	mesh007 	0.069647	0.150361	0.000000	0.000000
9       	mesh001 	0.069608	0.191858	0.000000	0.000000
4       	5       	0.068546	0.163716	0.000000	0.000000
mesh056 	victoria17	0.067862	0.158047	0.000000	0.000000
mesh030 	9       	0.066828	0.167462	0.000000	0.000000
victoria0	12      	0.066380	0.236806	0.000000	0.000000
mesh019 	gorilla5	0.065558	0.199701	0.000000	0.000000
mesh057 	6       	0.065253	0.187093	0.000000	0.000000
mesh060 	victoria7	0.064990	0.189647	0.000000	0.000000
mesh006 	victoria21	0.064882	0.555782	0.000000	0.000000
mesh000 	9       	0.064681	0.172522	0.000000	0.000000
5       	mesh046 	0.064209	0.184361	0.000000	0.000000
mesh007 	michael5	0.062862	0.150490	0.000000	0.000000
michael10	mesh017 	0.061696	0.140739	0.000000	0.000000
victoria23	mesh020 	0.061227	0.148791	0.000000	0.000000
mesh045 	20      	0.060330	0.145386	0.000000	0.000000
david13 	mesh059 	0.060281	0.147344	0.000000	0.000000
mesh031 	victoria17	0.059783	0.250813	0.000000	0.000000
mesh015 	3       	0.059663	0.122825	0.000000	0.000000
mesh036 	david10 	0.059637	0.112681	0.000000	0.000000
david1  	mesh065 	0.059251	0.126962	0.000000	0.000000
8       	mesh043 	0.059190	0.196352	0.000000	0.000000
mesh028 	4       	0.058999	0.150815	0.000000	0.000000
mesh003 	david6  	0.058917	0.144651	0.000000	0.000000
victoria12	michael16	0.058859	0.129625	0.000000	0.000000
mesh039 	victoria24	0.058007	0.148736	0.000000	0.000000
victoria2	michael18	0.057978	0.177237	0.000000	0.000000
michael5	9       	0.057954	0.153842	0.000000	0.000000
david6  	mesh013 	0.056586	0.115332	0.000000	0.000000
mesh037 	victoria24	0.056585	0.126108	0.000000	0.000000
mesh049 	2       	0.056321	0.131042	0.000000	0.000000
mesh041 	michael12	0.055910	0.126744	0.000000	0.000000
15      	mesh059 	0.055238	0.137012	0.000000	0.000000
mesh071 	michael10	0.054954	0.110508	0.000000	0.000000
mesh069 	15      	0.054952	0.126317	0.000000	0.000000
michael9	mesh004 	0.054924	0.149885	0.000000	0.000000
11      	mesh046 	0.054868	0.212045	0.000000	0.000000
mesh009 	david13 	0.054472	0.121785	0.000000	0.000000
mesh026 	michael8	0.054380	0.158230	0.000000	0.000000
mesh035 	david10 	0.054271	0.106407	0.000000	0.000000
mesh067 	michael4	0.054096	0.122955	0.000000	0.000000
mesh014 	11      	0.054033	0.218534	0.000000	0.000000
victoria25	david1  	0.054001	0.123939	0.000000	0.000000
victoria21	mesh033 	0.053812	0.126883	0.000000	0.000000
mesh029 	michael2	0.052851	0.166964	0.000000	0.000000
mesh022 	victoria17	0.052599	0.110667	0.000000	0.000000
mesh042 	michael5	0.052364	0.119414	0.000000	0.000000
mesh044 	michael16	0.052160	0.114488	0.000000	0.000000
michael15	mesh029 	0.052133	0.141772	0.000000	0.000000
david11 	victoria21	0.052106	0.125641	0.000000	0.000000
mesh017 	michael13	0.051841	0.102629	0.000000	0.000000
10      	mesh027 	0.051774	0.141633	0.000000	0.000000
victoria24	mesh044 	0.051593	0.143936	0.000000	0.000000
mesh034 	20      	0.051123	0.112218	0.000000	0.000000
mesh046 	12      	0.050921	0.236806	0.000000	0.000000
michael8	mesh016 	0.050830	0.153240	0.000000	0.000000
mesh061 	michael11	0.050802	0.130556	0.000000	0.000000
michael11	mesh034 	0.050726	0.103211	0.000000	0.000000
victoria17	mesh042 	0.050456	0.155954	0.000000	0.000000
mesh055 	15      	0.050432	0.111647	0.000000	0.000000
mesh024 	michael1	0.050104	0.113413	0.000000	0.000000
michael16	mesh068 	0.049111	0.136048	0.000000	0.000000
mesh023 	michael14	0.048845	0.121278	0.000000	0.000000
mesh063 	michael13	0.048726	0.110784	0.000000	0.000000
david10 	mesh000 	0.048585	0.085888	0.000000	0.000000
mesh001 	david12 	0.048050	0.105657	0.000000	0.000000
victoria7	mesh038 	0.048045	0.121342	0.000000	0.000000
mesh065 	michael3	0.047744	0.105937	0.000000	0.000000
michael14	mesh042 	0.047722	0.117984	0.000000	0.000000
1       	mesh002 	0.047383	0.139419	0.000000	0.000000
mesh047 	david0  	0.047362	0.135647	0.000000	0.000000
mesh008 	michael16	0.046178	0.124319	0.000000	0.000000
mesh040 	michael8	0.045963	0.104432	0.000000	0.000000
michael7	mesh003 	0.045854	0.118949	0.000000	0.000000
2       	mesh062 	0.045849	0.082725	0.000000	0.000000
michael17	mesh009 	0.045460	0.122297	0.000000	0.000000
mesh048 	michael14	0.045345	0.098423	0.000000	0.000000
mesh016 	michael2	0.045229	0.105097	0.000000	0.000000
mesh025 	michael19	0.044737	0.101637	0.000000	0.000000
mesh058 	michael6	0.043846	0.082467	0.000000	0.000000
14      	victoria1	0.043721	0.104263	0.000000	0.000000
mesh062 	15      	0.043658	0.109472	0.000000	0.000000
david12 	victoria12	0.043608	0.093636	0.000000	0.000000
michael4	david1  	0.043585	0.150869	0.000000	0.000000
michael19	mesh031 	0.043459	0.092757	0.000000	0.000000
mesh010 	3       	0.043177	0.098404	0.000000	0.000000
michael13	victoria0	0.042792	0.089752	0.000000	0.000000
michael18	mesh060 	0.042561	0.134374	0.000000	0.000000
mesh005 	michael16	0.042435	0.095645	0.000000	0.000000
david0  	mesh032 	0.041957	0.085870	0.000000	0.000000
mesh043 	michael8	0.041892	0.103974	0.000000	0.000000
17      	michael10	0.039621	0.099602	0.000000	0.000000
20      	mesh009 	0.039283	0.089512	0.000000	0.000000
michael0	mesh030 	0.036895	0.115061	0.000000	0.000000
All Data: 
mesh004_10: 1.596810  1.582410  1.319310  1.314660  0.596837  0.573581  0.620143  0.567074  0.305667  0.307444  0.040129  1.222480  1.167260  0.629770  0.608616  0.608739  0.579829  0.326622  0.302442  0.283920  0.291710  0.296602  0.301539  0.298962  0.267067  0.149088  0.137087  0.211488  0.215588  0.197881  0.181929  0.174059  0.178519  0.023404  0.267382  0.221033  
michael12_12: 1.188750  1.207750  1.143690  1.136560  0.532440  0.539166  0.585770  0.554184  0.384498  0.374677  0.024651  1.206190  1.174390  0.716016  0.708887  0.683865  0.692492  0.340039  0.313509  0.392896  0.386038  0.367414  0.355918  0.395565  0.397941  0.157249  0.122609  0.186432  0.177514  0.176594  0.168033  0.155817  0.179464  0.065883  0.298800  0.259942  
mesh021_9: 1.643670  1.665910  1.415440  1.424720  0.627438  0.671626  0.626277  0.647929  0.204419  0.240426  0.022940  0.975791  1.036190  0.463803  0.561752  0.453330  0.538408  0.271283  0.312158  0.262608  0.288014  0.297994  0.286343  0.213400  0.201572  0.197213  0.209831  0.219416  0.215606  0.242702  0.242631  0.222174  0.239170  0.020465  0.306014  0.262306  
victoria4_gorilla8: 1.028530  1.034370  0.923524  0.916711  0.601707  0.637394  0.570208  0.553764  0.352773  0.358040  0.036105  1.277460  1.272680  0.760719  0.791598  0.745112  0.694757  0.337242  0.349871  0.385249  0.374234  0.333788  0.356401  0.295192  0.359455  0.208669  0.286400  0.178288  0.205802  0.226686  0.263841  0.188763  0.177500  0.039585  0.328449  0.277361  
mesh012_19: 1.477640  1.454970  1.258790  1.258390  0.559101  0.562704  0.544096  0.564174  0.347201  0.339526  0.237799  1.203430  1.191130  0.617981  0.597605  0.586661  0.579268  0.280708  0.283138  0.302174  0.292645  0.305821  0.310419  0.323313  0.298423  0.137640  0.122536  0.177206  0.170717  0.179333  0.169323  0.170812  0.153952  0.061882  0.272792  0.275055  
victoria10_mesh024: 1.409380  1.410180  1.239260  1.227290  0.579467  0.633325  0.602579  0.595127  0.318377  0.315498  0.038120  1.072490  1.061530  0.688386  0.703104  0.601041  0.620843  0.284090  0.310949  0.352373  0.349694  0.351905  0.338468  0.328295  0.314177  0.138685  0.150298  0.140366  0.165298  0.169459  0.155705  0.155177  0.166668  0.037946  0.319786  0.264489  
michael1_mesh062: 1.391680  1.385660  1.215560  1.207550  0.558310  0.552675  0.625539  0.597072  0.322902  0.314139  0.012583  1.072600  1.066400  0.636231  0.593399  0.594108  0.579563  0.309881  0.263301  0.346096  0.378738  0.379727  0.348335  0.311449  0.325921  0.139109  0.129302  0.208678  0.189912  0.225721  0.195670  0.192348  0.182384  0.028316  0.306697  0.278859  
mesh020_david13: 1.437610  1.440460  1.170950  1.195750  0.589452  0.570270  0.533663  0.588263  0.265860  0.290769  0.026105  1.170310  1.169070  0.620059  0.640093  0.615927  0.608578  0.270193  0.302012  0.328338  0.341559  0.333160  0.332776  0.277082  0.263594  0.118526  0.107576  0.157066  0.189033  0.180473  0.162472  0.168959  0.153726  0.091206  0.254696  0.235295  
michael3_victoria21: 1.585510  1.564740  1.241800  1.263680  0.725138  0.717837  0.657817  0.652713  0.219586  0.252013  0.052910  1.114380  1.091330  0.510220  0.543916  0.526019  0.492634  0.216162  0.205013  0.278633  0.270186  0.321777  0.351838  0.241948  0.243626  0.108317  0.122138  0.185566  0.185067  0.197242  0.178976  0.179504  0.194824  0.025375  0.246466  0.231721  
mesh013_michael1: 1.461950  1.423280  1.168480  1.196550  0.559962  0.566414  0.602096  0.549760  0.284576  0.253970  0.025403  1.199480  1.232720  0.615706  0.618112  0.586933  0.596532  0.310468  0.289296  0.303690  0.315435  0.336675  0.323458  0.301406  0.299462  0.134823  0.109612  0.180009  0.175944  0.181043  0.165104  0.157209  0.172621  0.039144  0.232093  0.222870  
7_mesh041: 1.393860  1.326420  1.183910  1.164140  0.619540  0.622756  0.537824  0.541399  0.245272  0.290818  0.018232  1.100500  1.075300  0.630355  0.605920  0.544282  0.551515  0.262365  0.257241  0.325014  0.312436  0.367713  0.367974  0.305176  0.297380  0.126283  0.140697  0.143587  0.142194  0.167291  0.147711  0.173347  0.136404  0.012196  0.327531  0.322038  
12_mesh022: 1.215300  1.223970  1.033450  1.019090  0.499199  0.520026  0.459451  0.461515  0.298742  0.266325  0.006869  1.145700  1.148310  0.740861  0.646779  0.650783  0.641200  0.292848  0.249703  0.373356  0.392668  0.358233  0.330514  0.292555  0.280903  0.143110  0.144281  0.189948  0.211300  0.193408  0.173154  0.165795  0.184033  0.037406  0.343283  0.337554  
mesh054_gorilla8: 1.028530  1.033490  0.910347  0.899874  0.577840  0.543915  0.442786  0.477661  0.378736  0.358944  0.048366  1.213720  0.803889  0.727360  0.706293  0.604110  0.629033  0.289997  0.292470  0.389980  0.378837  0.324353  0.374414  0.336004  0.327859  0.197442  0.289094  0.178288  0.207850  0.219781  0.253669  0.198947  0.171581  0.039585  0.194675  0.280485  
mesh059_michael4: 1.466960  1.469420  1.238460  1.214660  0.613569  0.578537  0.616485  0.615520  0.229378  0.176976  0.027316  0.152057  0.062376  0.063346  0.028020  0.047664  0.035836  0.073449  0.028825  0.046924  0.025975  0.062272  0.069331  0.183925  0.212639  0.009691  0.000000  0.075432  0.093280  0.082996  0.083863  0.060316  0.059487  0.042059  0.283325  0.259864  
mesh033_michael6: 0.022024  0.030126  0.081481  0.068462  0.089495  0.079569  0.087786  0.051663  0.151349  0.162133  0.075720  1.128730  1.150970  0.596688  0.601128  0.577980  0.618814  0.299353  0.255596  0.346102  0.347100  0.289549  0.261869  0.150579  0.193593  0.133307  0.098971  0.185967  0.205173  0.192398  0.168894  0.192101  0.176782  0.057723  0.144557  0.187576  
gorilla8_victoria7: 0.272406  0.279930  0.278109  0.274931  0.203078  0.169021  0.111483  0.108207  0.043726  0.035668  0.084167  0.154395  0.154825  0.078691  0.093383  0.115155  0.081865  0.078518  0.064407  0.009016  0.018031  0.082557  0.068141  0.011064  0.059591  0.024295  0.068024  0.115499  0.111642  0.118926  0.103152  0.077475  0.084468  0.236253  0.188770  0.202471  
michael6_gorilla14: 0.070657  0.075297  0.169514  0.170663  0.127164  0.404574  0.121500  0.082845  0.063395  0.022738  0.048648  0.003671  0.109814  0.107644  0.140954  0.038532  0.133780  0.123384  0.036250  0.071598  0.025993  0.072993  0.050039  0.238994  0.037288  0.044438  0.088638  0.048260  0.075683  0.080044  0.123719  0.057871  0.078617  0.016997  0.087428  0.149912  
michael2_gorilla8: 0.070119  0.077656  0.161733  0.169647  0.068971  0.076427  0.119607  0.088851  0.073056  0.092952  0.069397  0.127213  0.081651  0.127808  0.120651  0.096520  0.111971  0.070188  0.046349  0.020212  0.022984  0.022707  0.036437  0.057396  0.036127  0.138856  0.087540  0.097813  0.122303  0.138773  0.185661  0.096203  0.093606  0.039585  0.100736  0.192229  
gorilla5_13: 0.130152  0.111356  0.097622  0.090029  0.040489  0.069574  0.055093  0.070165  0.073474  0.074103  0.037086  0.017381  0.033669  0.085778  0.093658  0.056623  0.080443  0.126779  0.131779  0.000000  0.039328  0.088487  0.113153  0.199834  0.094068  0.067194  0.099503  0.058549  0.077535  0.087385  0.118544  0.054803  0.072013  0.058592  0.185712  0.220738  
19_mesh007: 0.004896  0.014046  0.140038  0.143888  0.127766  0.144019  0.071733  0.062938  0.126554  0.101663  0.248507  0.000000  0.007600  0.101766  0.077454  0.049607  0.051200  0.043932  0.055885  0.042432  0.033102  0.039538  0.042476  0.063349  0.058440  0.082247  0.054123  0.089896  0.084480  0.111714  0.129205  0.108451  0.103483  0.016448  0.131656  0.115520  
mesh064_victoria23: 0.060831  0.055605  0.092575  0.081417  0.145029  0.125794  0.080459  0.045544  0.067429  0.047373  0.034411  0.146773  0.185554  0.043062  0.158537  0.071915  0.129256  0.042232  0.069455  0.005669  0.051234  0.052445  0.086013  0.072759  0.015270  0.010597  0.038944  0.122442  0.135339  0.132490  0.118788  0.137481  0.108999  0.018560  0.044398  0.024221  
mesh027_gorilla1: 0.070136  0.076381  0.171632  0.171632  0.093659  0.064548  0.067551  0.076020  0.080759  0.053073  0.056245  0.047345  0.037768  0.108452  0.112750  0.088705  0.075199  0.022018  0.028942  0.035272  0.030991  0.018680  0.013365  0.039779  0.054404  0.066332  0.099616  0.077927  0.096717  0.123118  0.145195  0.124727  0.081477  0.010269  0.168224  0.150257  
gorilla14_mesh016: 0.201023  0.175761  0.253284  0.187288  0.131816  0.081593  0.099024  0.030123  0.054993  0.049448  0.039116  0.008039  0.093521  0.045604  0.067442  0.033629  0.043932  0.042359  0.040836  0.057947  0.027641  0.015897  0.047082  0.066498  0.050676  0.037709  0.072712  0.036711  0.063727  0.063500  0.043000  0.057273  0.073673  0.069513  0.079148  0.232253  
mesh032_gorilla8: 0.070119  0.074550  0.160914  0.161733  0.046233  0.050592  0.045084  0.062468  0.084347  0.021158  0.034889  0.083798  0.100918  0.123413  0.116410  0.075100  0.055848  0.071512  0.008539  0.054105  0.013021  0.012595  0.018117  0.090213  0.024339  0.119192  0.087529  0.100063  0.109327  0.129002  0.144832  0.076014  0.102622  0.052088  0.068687  0.100509  
mesh068_gorilla5: 0.069252  0.074567  0.163561  0.155187  0.067291  0.053834  0.034526  0.039082  0.066767  0.070604  0.056139  0.054413  0.054654  0.076868  0.127753  0.070994  0.068615  0.080635  0.058241  0.039295  0.039678  0.034771  0.044066  0.084466  0.055210  0.169400  0.062763  0.050704  0.080476  0.076074  0.107970  0.047765  0.072475  0.010140  0.087309  0.242319  
6_victoria1: 0.113873  0.085287  0.120399  0.120037  0.085567  0.102116  0.081064  0.058667  0.031510  0.028618  0.003151  0.043880  0.030276  0.109720  0.130437  0.132373  0.096685  0.058065  0.121847  0.000000  0.027594  0.082688  0.098893  0.035264  0.033459  0.045628  0.052989  0.128510  0.116646  0.121560  0.105969  0.091035  0.084668  0.077906  0.040884  0.049854  
victoria1_mesh054: 0.005363  0.014750  0.188382  0.124547  0.188387  0.146946  0.120943  0.086687  0.073275  0.044547  0.066954  0.014339  0.018245  0.140282  0.149280  0.114992  0.089264  0.057100  0.084028  0.015710  0.022448  0.062282  0.032190  0.046306  0.054306  0.008823  0.022532  0.075284  0.104491  0.100994  0.085561  0.088065  0.090659  0.011395  0.114688  0.063919  
gorilla1_mesh042: 0.191389  0.232440  0.199113  0.257887  0.114494  0.048375  0.037592  0.063949  0.067736  0.044263  0.080488  0.011955  0.028023  0.086967  0.042743  0.031879  0.038706  0.041936  0.035276  0.040170  0.035124  0.010463  0.035740  0.059804  0.031286  0.038460  0.086426  0.047968  0.072601  0.063355  0.052091  0.063288  0.058507  0.071862  0.129520  0.174787  
mesh018_9: 0.036479  0.074524  0.209572  0.170990  0.173027  0.119051  0.113655  0.123858  0.077335  0.060793  0.035353  0.014880  0.021431  0.097547  0.077331  0.101793  0.044513  0.128934  0.116876  0.064053  0.051280  0.080169  0.066151  0.046452  0.023438  0.016858  0.040883  0.088982  0.054351  0.108300  0.073422  0.062645  0.062498  0.023081  0.066007  0.000000  
mesh052_victoria24: 0.060525  0.066695  0.112413  0.120735  0.150344  0.123727  0.061097  0.065745  0.060966  0.082970  0.034044  0.167981  0.154162  0.320098  0.107304  0.072392  0.061888  0.019983  0.057708  0.019431  0.020046  0.053956  0.020165  0.026778  0.054099  0.009001  0.021714  0.066075  0.066434  0.066291  0.062737  0.055230  0.059615  0.074119  0.023939  0.093410  
mesh038_gorilla5: 0.069252  0.074567  0.175181  0.162002  0.113107  0.074368  0.073178  0.079693  0.082542  0.058282  0.043888  0.036246  0.030462  0.087776  0.119385  0.069884  0.044056  0.062520  0.061389  0.036239  0.068937  0.052227  0.051407  0.079834  0.016345  0.045293  0.046960  0.056126  0.072500  0.092590  0.112914  0.036748  0.085552  0.010140  0.142549  0.168689  
mesh050_8: 0.048455  0.063007  0.154478  0.157203  0.106280  0.115998  0.077056  0.113919  0.077510  0.108349  0.012157  0.041394  0.009029  0.101662  0.069839  0.065663  0.043922  0.146237  0.102653  0.085022  0.038013  0.078342  0.056542  0.046255  0.036047  0.029559  0.032853  0.084413  0.093010  0.100805  0.104192  0.073269  0.056350  0.000000  0.031895  0.104667  
mesh070_victoria7: 0.064285  0.073344  0.109455  0.132529  0.185057  0.205738  0.081263  0.096280  0.034603  0.035732  0.052986  0.157357  0.118733  0.094681  0.075413  0.110035  0.059125  0.015863  0.090712  0.012726  0.029770  0.062472  0.050497  0.003787  0.038827  0.003024  0.024826  0.086858  0.083362  0.087989  0.077368  0.048765  0.068174  0.012255  0.088674  0.083689  
13_mesh009: 0.090296  0.067385  0.168769  0.175351  0.134906  0.115387  0.116501  0.116491  0.101001  0.084141  0.060988  0.067099  0.055825  0.096305  0.101773  0.087066  0.082190  0.043197  0.027611  0.029170  0.026402  0.074087  0.068268  0.093219  0.051504  0.010600  0.012397  0.032942  0.029408  0.042694  0.032600  0.041458  0.030780  0.023495  0.106890  0.100904  
mesh053_victoria10: 0.052379  0.063949  0.105065  0.103010  0.101538  0.138685  0.116550  0.097786  0.037846  0.015834  0.015936  0.179787  0.204726  0.120164  0.138183  0.134511  0.114393  0.052957  0.061461  0.024712  0.027276  0.078183  0.065461  0.084538  0.005359  0.040660  0.006148  0.041631  0.014460  0.035132  0.037587  0.039064  0.012877  0.050405  0.077732  0.101261  
mesh002_michael14: 0.021836  0.024095  0.044534  0.044268  0.056461  0.982007  0.050183  0.018878  0.063211  0.100783  0.092885  0.075812  0.060706  0.084451  0.029653  0.014945  0.015397  0.049014  0.033767  0.022956  0.019650  0.018598  0.029060  0.026803  0.040454  0.021133  0.012360  0.029521  0.053018  0.072474  0.043362  0.014342  0.038088  0.041837  0.109252  0.113828  
mesh066_michael14: 0.016411  0.031846  0.055760  0.033758  0.099908  0.975697  0.062150  0.025702  0.077863  0.043294  0.083150  0.083053  0.074882  0.051312  0.055261  0.028367  0.038897  0.047186  0.018076  0.014933  0.025339  0.019402  0.022862  0.015473  0.065071  0.023551  0.013836  0.020016  0.048475  0.050912  0.059257  0.011464  0.041458  0.000000  0.146893  0.064690  
mesh011_david11: 0.019962  0.029578  0.099655  0.074063  0.077076  0.103203  0.039546  0.027800  0.033964  0.071098  0.030570  0.138612  0.103709  0.071657  0.102653  0.039722  0.065241  0.041412  0.038352  0.062549  0.012889  0.035562  0.024271  0.044158  0.057051  0.059150  0.040938  0.144849  0.128058  0.134191  0.121420  0.119298  0.149350  0.048757  0.045194  0.073765  
3_mesh007: 0.000000  0.014046  0.112154  0.109773  0.132709  0.150361  0.080419  0.088771  0.103688  0.122708  0.062087  0.000000  0.007600  0.098869  0.015117  0.084941  0.013053  0.038866  0.036707  0.030327  0.133000  0.049898  0.042476  0.025112  0.041642  0.050288  0.028039  0.074260  0.073769  0.092177  0.103503  0.089780  0.094433  0.016448  0.142777  0.147498  
9_mesh001: 0.005733  0.009251  0.173861  0.191858  0.136370  0.135945  0.161100  0.160924  0.079729  0.067587  0.016441  0.016958  0.009402  0.086935  0.040269  0.083820  0.036808  0.060403  0.069561  0.094836  0.027881  0.040250  0.042706  0.084219  0.059276  0.023035  0.029125  0.077488  0.068170  0.066186  0.057206  0.050835  0.044637  0.015350  0.086464  0.095274  
4_5: 0.009191  0.033265  0.162941  0.157336  0.148000  0.119963  0.130626  0.163716  0.045867  0.069908  0.033630  0.000000  0.009071  0.100796  0.084470  0.120235  0.090950  0.041800  0.060956  0.024539  0.023682  0.064764  0.058292  0.062716  0.078776  0.010825  0.008433  0.060474  0.068909  0.070214  0.072141  0.050331  0.056064  0.017563  0.074328  0.082897  
mesh056_victoria17: 0.133792  0.068750  0.129826  0.158047  0.140573  0.128150  0.093454  0.098559  0.057944  0.065728  0.032185  0.124209  0.144199  0.044340  0.088398  0.047753  0.043835  0.022315  0.066385  0.012780  0.011717  0.055679  0.047691  0.020685  0.048771  0.010941  0.011481  0.060547  0.067490  0.061076  0.052490  0.037323  0.042174  0.033347  0.086408  0.093980  
mesh030_9: 0.036479  0.056332  0.153842  0.167462  0.162088  0.139400  0.127350  0.145159  0.047063  0.046699  0.016081  0.019356  0.082424  0.069686  0.020989  0.069272  0.041016  0.085216  0.059678  0.072582  0.051280  0.034708  0.062651  0.078070  0.022296  0.015425  0.041377  0.050688  0.048918  0.049811  0.056291  0.053359  0.040584  0.046817  0.051811  0.083538  
victoria0_12: 0.034619  0.025365  0.221376  0.236806  0.153801  0.159279  0.183248  0.164104  0.035303  0.018466  0.024651  0.017043  0.035236  0.041966  0.035092  0.052936  0.029813  0.058160  0.059693  0.026994  0.019803  0.078101  0.097067  0.046962  0.042186  0.016668  0.011782  0.050181  0.038471  0.047628  0.043831  0.039235  0.045356  0.030568  0.091535  0.076363  
mesh019_gorilla5: 0.069252  0.074567  0.166305  0.152811  0.075186  0.025228  0.044444  0.034289  0.060570  0.060235  0.056139  0.038590  0.034925  0.067335  0.117300  0.066392  0.059314  0.040365  0.059024  0.034617  0.029236  0.021493  0.026181  0.092302  0.030309  0.043287  0.101571  0.046772  0.063014  0.068578  0.097820  0.047236  0.074184  0.010140  0.071374  0.199701  
mesh057_6: 0.010790  0.000000  0.085760  0.070089  0.030300  0.069695  0.026035  0.074443  0.073525  0.057460  0.009774  0.033032  0.041658  0.078662  0.073016  0.073750  0.065581  0.052527  0.077026  0.010925  0.013583  0.074862  0.081871  0.046954  0.019992  0.047785  0.103930  0.187093  0.148193  0.153549  0.130540  0.096538  0.119851  0.000000  0.057353  0.052978  
mesh060_victoria7: 0.039062  0.074189  0.082710  0.104237  0.149966  0.189647  0.079399  0.077960  0.021292  0.023157  0.042291  0.161298  0.129504  0.058860  0.066900  0.074507  0.056993  0.021975  0.069235  0.017248  0.014399  0.030007  0.017052  0.021808  0.044407  0.003102  0.026461  0.070069  0.078846  0.075449  0.073228  0.040974  0.068174  0.034162  0.111357  0.089703  
mesh006_victoria21: 0.051173  0.072979  0.098468  0.098393  0.149477  0.555782  0.065579  0.064966  0.027092  0.007600  0.021206  0.110617  0.115215  0.031231  0.052469  0.064949  0.023332  0.020212  0.021754  0.016698  0.020583  0.062523  0.061947  0.015555  0.067891  0.005427  0.011253  0.024944  0.031709  0.038369  0.025197  0.016031  0.032616  0.023555  0.109210  0.119754  
mesh000_9: 0.036479  0.056332  0.172522  0.150858  0.166703  0.139400  0.127350  0.140919  0.062356  0.051716  0.018975  0.000000  0.052912  0.078473  0.020989  0.080704  0.020902  0.085216  0.059678  0.064053  0.027645  0.042130  0.062651  0.068296  0.054641  0.023166  0.041377  0.052616  0.064424  0.038576  0.043499  0.032786  0.017634  0.000000  0.077617  0.094914  
5_mesh046: 0.112876  0.160602  0.147447  0.184361  0.093884  0.115818  0.062465  0.096069  0.102855  0.100281  0.026024  0.007561  0.010291  0.082249  0.099631  0.062765  0.046964  0.027558  0.035725  0.040481  0.022876  0.069634  0.048763  0.070516  0.062492  0.009768  0.007703  0.034783  0.017774  0.022956  0.024793  0.021428  0.019108  0.035699  0.114169  0.113143  
mesh007_michael5: 0.043486  0.067852  0.103132  0.083252  0.083239  0.082436  0.150490  0.106497  0.051180  0.052903  0.038352  0.057039  0.037048  0.066355  0.100745  0.078810  0.078729  0.051767  0.084552  0.047426  0.037836  0.009571  0.020134  0.025870  0.012331  0.015419  0.024949  0.082207  0.099244  0.103387  0.086871  0.062256  0.077830  0.062432  0.048024  0.029385  
michael10_mesh017: 0.005276  0.012589  0.071004  0.122264  0.065007  0.140739  0.101416  0.069907  0.095711  0.081705  0.055673  0.035732  0.018226  0.063735  0.048303  0.042377  0.032745  0.083746  0.040465  0.010330  0.008081  0.039633  0.030812  0.038530  0.098538  0.031026  0.031076  0.090437  0.059891  0.100710  0.083611  0.076566  0.077758  0.045511  0.077858  0.134077  
victoria23_mesh020: 0.008300  0.010810  0.143661  0.115365  0.088123  0.110766  0.098163  0.071237  0.021690  0.036160  0.011920  0.014604  0.010917  0.143138  0.148791  0.088365  0.070749  0.031346  0.085076  0.018553  0.021614  0.072112  0.044446  0.042349  0.045925  0.028675  0.015247  0.041814  0.088942  0.082743  0.082346  0.066011  0.079547  0.014621  0.066170  0.083871  
mesh045_20: 0.010377  0.014523  0.064158  0.051688  0.050439  0.053762  0.054765  0.039489  0.137025  0.145386  0.035795  0.031870  0.021451  0.056680  0.032111  0.029552  0.027090  0.079489  0.106990  0.030350  0.010436  0.068738  0.075963  0.055649  0.057669  0.052481  0.037472  0.081552  0.098597  0.103734  0.085986  0.061392  0.081760  0.119888  0.040221  0.067333  
david13_mesh059: 0.004911  0.011925  0.071050  0.119433  0.043894  0.088946  0.029427  0.054341  0.055534  0.042810  0.016458  0.009994  0.010607  0.147344  0.083244  0.080366  0.049430  0.053554  0.071444  0.097364  0.038919  0.031182  0.038773  0.033409  0.044532  0.025762  0.018803  0.123259  0.089627  0.123703  0.098206  0.093283  0.091921  0.032236  0.083473  0.060945  
mesh031_victoria17: 0.043639  0.043169  0.095587  0.090300  0.058657  0.060859  0.049831  0.041795  0.101554  0.107801  0.015314  0.086498  0.078806  0.051964  0.062867  0.027527  0.023607  0.022121  0.035674  0.021943  0.027502  0.250813  0.066000  0.051471  0.016868  0.022211  0.030744  0.060251  0.076279  0.096227  0.071567  0.049194  0.072663  0.081864  0.010484  0.048522  
mesh015_3: 0.010944  0.000000  0.032662  0.087390  0.028252  0.057829  0.020481  0.027690  0.111675  0.122825  0.028692  0.063878  0.058426  0.077558  0.057165  0.050888  0.031806  0.091815  0.085163  0.041484  0.092705  0.069514  0.039809  0.025088  0.032847  0.028402  0.000000  0.093095  0.095745  0.102747  0.089311  0.057235  0.055751  0.074398  0.095199  0.109382  
mesh036_david10: 0.016269  0.040420  0.051613  0.080896  0.040259  0.105511  0.031169  0.050063  0.036153  0.046561  0.039159  0.104955  0.076209  0.076739  0.061193  0.056177  0.059042  0.051880  0.028193  0.060811  0.033144  0.014582  0.024083  0.023596  0.030955  0.050417  0.030640  0.107339  0.111092  0.112681  0.108190  0.088115  0.074093  0.065751  0.084419  0.074574  
david1_mesh065: 0.006124  0.013191  0.097073  0.094982  0.060218  0.078642  0.066176  0.052259  0.063211  0.091922  0.019570  0.007741  0.026857  0.108160  0.113420  0.100690  0.088074  0.126962  0.108678  0.059974  0.010555  0.036215  0.026373  0.087509  0.066966  0.020058  0.026409  0.062108  0.044887  0.069132  0.058438  0.042815  0.058426  0.017151  0.060710  0.061368  
8_mesh043: 0.005392  0.014110  0.142473  0.196352  0.099185  0.172619  0.097114  0.107174  0.045032  0.093201  0.026992  0.023194  0.007826  0.118661  0.075557  0.069057  0.034490  0.051418  0.082669  0.077891  0.033301  0.048464  0.042984  0.048732  0.040862  0.005915  0.010354  0.044057  0.011999  0.038085  0.022674  0.058769  0.029319  0.024609  0.025577  0.104737  
mesh028_4: 0.027631  0.018714  0.051980  0.080824  0.055570  0.086125  0.071106  0.058188  0.108314  0.150815  0.046803  0.063667  0.058672  0.076231  0.052733  0.062099  0.025221  0.066342  0.011905  0.040357  0.012862  0.051176  0.000000  0.064727  0.065525  0.030505  0.019960  0.077512  0.082585  0.098370  0.085433  0.070042  0.073300  0.042905  0.113769  0.021988  
mesh003_david6: 0.041480  0.031620  0.106367  0.077136  0.064722  0.109277  0.079814  0.028317  0.047652  0.056724  0.004240  0.144651  0.078123  0.052268  0.045363  0.054790  0.055260  0.054849  0.053277  0.095400  0.040768  0.073137  0.041696  0.036603  0.066254  0.023481  0.004879  0.083876  0.066378  0.066669  0.061709  0.047356  0.051285  0.009711  0.101574  0.064293  
victoria12_michael16: 0.004192  0.003329  0.083043  0.099433  0.038761  0.087060  0.020309  0.034167  0.063956  0.050821  0.087317  0.110426  0.022589  0.075324  0.123726  0.062883  0.066282  0.056734  0.077127  0.046901  0.009693  0.068068  0.081625  0.006383  0.013836  0.014389  0.030266  0.080738  0.071467  0.090761  0.081756  0.074833  0.082589  0.048844  0.019683  0.129625  
mesh039_victoria24: 0.052707  0.042493  0.096108  0.089494  0.148736  0.126686  0.065802  0.051269  0.054584  0.058293  0.034845  0.103400  0.095340  0.044566  0.078702  0.047320  0.041185  0.045577  0.103591  0.024763  0.008504  0.063710  0.065497  0.007756  0.009265  0.011524  0.000000  0.053550  0.088899  0.063343  0.040687  0.048546  0.050491  0.057826  0.046025  0.067149  
victoria2_michael18: 0.004180  0.003340  0.075729  0.099008  0.036596  0.101296  0.029295  0.038946  0.057100  0.119497  0.072246  0.110562  0.020159  0.115190  0.078477  0.097003  0.035626  0.041587  0.044904  0.013052  0.012338  0.054457  0.054637  0.046642  0.038699  0.005578  0.022685  0.064730  0.061397  0.074935  0.066787  0.047911  0.058094  0.020453  0.086823  0.177237  
michael5_9: 0.013968  0.000000  0.153842  0.132458  0.136713  0.086091  0.025913  0.101567  0.036894  0.094723  0.050822  0.014880  0.015466  0.076310  0.019159  0.069272  0.043601  0.148175  0.059678  0.047183  0.019864  0.059419  0.066151  0.045476  0.061110  0.000000  0.028888  0.052616  0.081015  0.069851  0.060031  0.051057  0.038452  0.020465  0.018245  0.086989  
david6_mesh013: 0.007685  0.014290  0.115332  0.067593  0.069041  0.094460  0.058033  0.037919  0.039678  0.082837  0.022144  0.024537  0.021999  0.080832  0.110595  0.065720  0.059133  0.078019  0.093441  0.074576  0.027165  0.066741  0.049132  0.036461  0.064184  0.026614  0.012216  0.051617  0.081654  0.088100  0.056560  0.062289  0.050576  0.023205  0.067691  0.055039  
mesh037_victoria24: 0.039595  0.053244  0.064603  0.092864  0.114996  0.126108  0.035886  0.055012  0.030433  0.027218  0.032914  0.105611  0.102242  0.067121  0.096912  0.066524  0.054178  0.063172  0.078867  0.021074  0.012950  0.033476  0.050831  0.030536  0.024074  0.009001  0.008261  0.057288  0.068556  0.061823  0.067684  0.049312  0.061705  0.062387  0.066239  0.044380  
mesh049_2: 0.015589  0.012666  0.102376  0.111352  0.046266  0.054618  0.040399  0.063863  0.083552  0.098496  0.058214  0.007539  0.018434  0.106324  0.108346  0.083312  0.068542  0.099318  0.131042  0.043818  0.030253  0.105077  0.091620  0.022947  0.022187  0.017774  0.009038  0.040521  0.047676  0.046737  0.047596  0.026354  0.033494  0.021354  0.067540  0.043335  
mesh041_michael12: 0.026639  0.029122  0.066685  0.081202  0.076134  0.107049  0.059678  0.043777  0.037558  0.011652  0.052540  0.090855  0.043780  0.056247  0.015577  0.030312  0.010768  0.043677  0.025205  0.032579  0.012071  0.027368  0.056661  0.018736  0.062228  0.031800  0.036634  0.097458  0.105533  0.114326  0.100089  0.126744  0.106796  0.042186  0.069768  0.063325  
15_mesh059: 0.018804  0.011925  0.072267  0.086205  0.070608  0.065223  0.038907  0.045218  0.045463  0.033363  0.016069  0.009994  0.010607  0.096341  0.013450  0.045440  0.006530  0.029581  0.052894  0.075305  0.023444  0.032581  0.060378  0.062644  0.068617  0.010056  0.018803  0.137012  0.104609  0.132374  0.117068  0.106300  0.111124  0.013688  0.104480  0.041192  
mesh071_michael10: 0.033431  0.044611  0.110508  0.078767  0.110443  0.085447  0.085222  0.071116  0.068416  0.034105  0.042128  0.060195  0.049688  0.034154  0.042976  0.019516  0.039162  0.046609  0.041956  0.029937  0.028254  0.051944  0.013389  0.013780  0.017676  0.017739  0.016230  0.096362  0.100011  0.104744  0.093874  0.081200  0.072474  0.047615  0.055403  0.039268  
mesh069_15: 0.010841  0.047475  0.067405  0.076677  0.086796  0.126317  0.063950  0.055829  0.012387  0.038937  0.030569  0.092495  0.055378  0.060184  0.053810  0.032517  0.051343  0.035004  0.047572  0.046365  0.039736  0.021042  0.017112  0.045913  0.085852  0.010318  0.012533  0.089994  0.102796  0.098926  0.087213  0.070571  0.077436  0.021941  0.048340  0.056690  
michael9_mesh004: 0.004486  0.013812  0.095646  0.099836  0.045020  0.149885  0.116572  0.080087  0.058955  0.052058  0.010133  0.006130  0.010025  0.033733  0.061569  0.061477  0.030030  0.038883  0.045339  0.000000  0.010205  0.043099  0.055242  0.029302  0.068742  0.012852  0.022760  0.077746  0.100936  0.104788  0.070539  0.032494  0.062912  0.032188  0.110520  0.129259  
11_mesh046: 0.153559  0.161206  0.176368  0.212045  0.030431  0.061948  0.014597  0.041175  0.015580  0.025392  0.015283  0.007561  0.010291  0.083206  0.120261  0.041573  0.084472  0.084117  0.042403  0.035682  0.037237  0.053267  0.060769  0.032390  0.029524  0.010715  0.029281  0.037025  0.041131  0.041306  0.040754  0.003848  0.014386  0.045358  0.022500  0.058624  
mesh009_david13: 0.014781  0.040277  0.054197  0.060348  0.084201  0.082610  0.027739  0.048620  0.055294  0.062573  0.029487  0.121785  0.090567  0.086739  0.103471  0.091992  0.080057  0.057114  0.075952  0.076289  0.013321  0.027565  0.031041  0.053351  0.072835  0.015737  0.008741  0.034447  0.014572  0.049661  0.039267  0.031519  0.032405  0.022102  0.090259  0.080082  
mesh026_michael8: 0.019106  0.033355  0.076263  0.088202  0.107659  0.078707  0.070189  0.049676  0.107923  0.037133  0.048900  0.091638  0.100973  0.073529  0.023283  0.007391  0.035428  0.102861  0.063925  0.035082  0.019803  0.008596  0.003753  0.031260  0.098051  0.016198  0.011468  0.041327  0.012932  0.039942  0.034698  0.051874  0.030398  0.041870  0.158230  0.106050  
mesh035_david10: 0.021116  0.039268  0.092517  0.075670  0.071224  0.099312  0.050422  0.047285  0.051599  0.054258  0.039279  0.002506  0.073635  0.059941  0.058927  0.038578  0.052217  0.076230  0.046124  0.055797  0.010557  0.026813  0.049816  0.023557  0.057964  0.031249  0.015831  0.074553  0.085233  0.075898  0.077508  0.067357  0.053056  0.022106  0.106407  0.069929  
mesh067_michael4: 0.022643  0.027883  0.063353  0.049072  0.034869  0.053403  0.101501  0.042150  0.028491  0.011498  0.030266  0.115636  0.109903  0.056435  0.033096  0.029927  0.035988  0.050091  0.034925  0.020998  0.021204  0.045642  0.059788  0.036802  0.041916  0.022850  0.033409  0.113416  0.114492  0.122955  0.116861  0.091389  0.096142  0.005716  0.029491  0.043242  
mesh014_11: 0.017774  0.025683  0.218534  0.206775  0.064836  0.062755  0.034241  0.061272  0.030983  0.055401  0.031786  0.066541  0.078377  0.100192  0.083507  0.084891  0.089329  0.011706  0.036845  0.041987  0.058482  0.064107  0.043041  0.034183  0.041642  0.000000  0.026796  0.027938  0.029254  0.037247  0.029588  0.030196  0.016719  0.026294  0.047369  0.028920  
victoria25_david1: 0.028592  0.003826  0.091165  0.113318  0.077832  0.051438  0.044439  0.032483  0.071236  0.082234  0.024745  0.118306  0.123939  0.012067  0.028952  0.018946  0.014436  0.024793  0.032358  0.051598  0.013467  0.029943  0.034227  0.039694  0.032023  0.048162  0.038125  0.080479  0.082204  0.086872  0.088301  0.075202  0.048792  0.050718  0.078819  0.070303  
victoria21_mesh033: 0.005323  0.009165  0.110109  0.126883  0.100451  0.118769  0.090644  0.082493  0.052758  0.051698  0.046484  0.016998  0.015907  0.084563  0.037341  0.099823  0.019651  0.074398  0.018595  0.035952  0.032682  0.057504  0.080429  0.057289  0.066150  0.022615  0.012658  0.047420  0.007420  0.041253  0.033371  0.040747  0.040597  0.039418  0.101910  0.057768  
mesh029_michael2: 0.020739  0.030485  0.046884  0.055428  0.080341  0.073625  0.059120  0.022102  0.022571  0.072094  0.035950  0.135412  0.051273  0.082591  0.066774  0.061476  0.042653  0.073045  0.048318  0.014318  0.015365  0.029148  0.032204  0.024083  0.041403  0.027622  0.011746  0.081064  0.082354  0.075822  0.060975  0.012827  0.041110  0.020376  0.084383  0.166964  
mesh022_victoria17: 0.043300  0.038696  0.101714  0.109478  0.110667  0.095962  0.078394  0.063278  0.049159  0.024158  0.017492  0.091761  0.091687  0.058311  0.084384  0.035812  0.047130  0.015120  0.084925  0.004030  0.010878  0.040903  0.029582  0.021223  0.046624  0.003104  0.013387  0.051028  0.056305  0.063712  0.054518  0.030790  0.041449  0.059010  0.073736  0.051844  
mesh042_michael5: 0.035899  0.021213  0.079405  0.038603  0.051611  0.062904  0.115798  0.043874  0.054449  0.031175  0.042609  0.119414  0.057785  0.041784  0.087416  0.028207  0.057508  0.067113  0.077725  0.044564  0.017029  0.056129  0.070956  0.031621  0.051977  0.004332  0.013242  0.078247  0.039581  0.079600  0.040539  0.028852  0.038472  0.024079  0.085367  0.066028  
mesh044_michael16: 0.031749  0.014529  0.082561  0.049259  0.055235  0.074252  0.110210  0.015522  0.031264  0.030054  0.052663  0.110426  0.044701  0.067786  0.000000  0.032401  0.016397  0.033302  0.031788  0.032747  0.017199  0.026440  0.025092  0.025882  0.028124  0.007701  0.037768  0.100209  0.095386  0.109944  0.093969  0.074507  0.074284  0.052843  0.077077  0.114488  
michael15_mesh029: 0.004645  0.011506  0.091299  0.077741  0.061575  0.073123  0.115598  0.040911  0.030076  0.047750  0.000000  0.015394  0.025963  0.141772  0.095689  0.078716  0.114701  0.073129  0.053407  0.025000  0.007992  0.049677  0.059215  0.030485  0.047873  0.013247  0.000000  0.040823  0.064964  0.071849  0.064717  0.028739  0.054796  0.026569  0.075199  0.062644  
david11_victoria21: 0.004839  0.022644  0.072363  0.081413  0.105440  0.125641  0.035676  0.041625  0.045111  0.029046  0.028947  0.004104  0.116050  0.004728  0.046143  0.024585  0.006704  0.018149  0.018037  0.057547  0.020583  0.067162  0.047350  0.015786  0.036510  0.034820  0.038728  0.096543  0.095314  0.106682  0.098781  0.087000  0.090224  0.016655  0.066337  0.068544  
mesh017_michael13: 0.017190  0.050224  0.068570  0.090270  0.069653  0.102629  0.093341  0.054538  0.059916  0.063530  0.035291  0.056529  0.053491  0.057708  0.049581  0.038846  0.039793  0.046314  0.035991  0.010475  0.009825  0.033018  0.014132  0.033271  0.088356  0.028719  0.015065  0.058723  0.042636  0.065502  0.059794  0.056650  0.053617  0.040943  0.085001  0.087159  
10_mesh027: 0.005084  0.005535  0.141633  0.117183  0.070227  0.052477  0.066203  0.030153  0.102569  0.109687  0.000000  0.006128  0.004511  0.055581  0.076853  0.026253  0.029828  0.025172  0.036991  0.019332  0.007979  0.028252  0.009271  0.059259  0.012477  0.027530  0.027152  0.111025  0.088149  0.121609  0.105123  0.113316  0.091054  0.014693  0.019099  0.046485  
victoria24_mesh044: 0.005397  0.012978  0.143936  0.091341  0.122046  0.069145  0.077068  0.067934  0.050027  0.047520  0.069713  0.000000  0.005319  0.097615  0.079452  0.053648  0.065623  0.032235  0.115451  0.010686  0.013384  0.052750  0.035656  0.018063  0.028339  0.008836  0.031329  0.044891  0.074918  0.060122  0.046974  0.044854  0.073883  0.032349  0.052138  0.021739  
mesh034_20: 0.013717  0.014523  0.048703  0.058173  0.021783  0.066566  0.067631  0.040439  0.078965  0.081736  0.035795  0.112218  0.046117  0.037591  0.061873  0.059050  0.078231  0.038213  0.058827  0.028000  0.016598  0.037042  0.051216  0.024021  0.000000  0.029351  0.017667  0.103479  0.090512  0.094576  0.080964  0.055560  0.074056  0.068397  0.017471  0.031376  
mesh046_12: 0.034619  0.025365  0.209407  0.236806  0.051367  0.055319  0.050426  0.068403  0.047989  0.041398  0.015859  0.076429  0.057242  0.054808  0.041132  0.055257  0.041280  0.056832  0.042437  0.051404  0.021165  0.050769  0.075376  0.023291  0.045025  0.000000  0.000000  0.036759  0.039434  0.031706  0.027166  0.040762  0.011795  0.044203  0.017323  0.054596  
michael8_mesh016: 0.005742  0.009354  0.066466  0.131287  0.068208  0.153240  0.090273  0.087975  0.113281  0.046943  0.032697  0.023677  0.013690  0.047711  0.075019  0.012334  0.045527  0.080769  0.011005  0.028961  0.011578  0.043203  0.029949  0.047789  0.081785  0.009957  0.010667  0.054585  0.027561  0.058129  0.045947  0.025698  0.011103  0.029057  0.109285  0.089433  
mesh061_michael11: 0.034143  0.030512  0.098162  0.090777  0.107211  0.130556  0.069994  0.035973  0.030602  0.049822  0.066547  0.102825  0.091876  0.045006  0.027463  0.009347  0.013923  0.053547  0.026958  0.028559  0.022292  0.013197  0.021434  0.009151  0.036951  0.009086  0.015414  0.067337  0.080519  0.089121  0.072327  0.059929  0.045956  0.009060  0.027224  0.106065  
michael11_mesh034: 0.007903  0.011540  0.097597  0.085409  0.072656  0.062068  0.098145  0.039467  0.059267  0.059288  0.076805  0.011563  0.020047  0.078901  0.103211  0.010904  0.044585  0.066026  0.030220  0.023160  0.023614  0.026278  0.018845  0.012208  0.045252  0.012792  0.010890  0.069534  0.079440  0.085874  0.072028  0.037837  0.065289  0.048284  0.071908  0.087305  
victoria17_mesh042: 0.004907  0.011281  0.155954  0.110234  0.152395  0.092191  0.091065  0.080192  0.054719  0.044263  0.000000  0.011955  0.028023  0.113257  0.066792  0.070077  0.040459  0.043643  0.009639  0.021352  0.014808  0.057321  0.049365  0.048974  0.047532  0.007511  0.010129  0.023666  0.053276  0.052263  0.039202  0.020619  0.049469  0.025398  0.049732  0.064757  
mesh055_15: 0.010841  0.000000  0.035475  0.052200  0.074666  0.090762  0.040172  0.053018  0.050415  0.041097  0.000000  0.068934  0.067425  0.059603  0.023869  0.020976  0.007994  0.077452  0.036562  0.029420  0.020229  0.035605  0.052751  0.073212  0.052039  0.031049  0.022705  0.104655  0.111647  0.107390  0.089902  0.077364  0.087335  0.021941  0.032735  0.054114  
mesh024_michael1: 0.014127  0.014694  0.050709  0.059790  0.045119  0.072227  0.106426  0.038192  0.017296  0.028471  0.027004  0.071397  0.113413  0.032800  0.062091  0.008106  0.035786  0.070568  0.041501  0.010425  0.011208  0.069917  0.042784  0.020591  0.028391  0.016566  0.020959  0.093882  0.103190  0.111540  0.099031  0.076991  0.081024  0.047460  0.025057  0.035006  
michael16_mesh068: 0.005320  0.009089  0.128572  0.133838  0.109338  0.136048  0.116579  0.058767  0.017559  0.009973  0.023827  0.016615  0.025003  0.065472  0.026614  0.021612  0.028912  0.085494  0.020187  0.020043  0.009303  0.028612  0.059234  0.023869  0.044080  0.008139  0.018035  0.058469  0.072333  0.069696  0.060166  0.037321  0.035889  0.022764  0.059021  0.102200  
mesh023_michael14: 0.037680  0.041165  0.057354  0.082157  0.063524  0.110396  0.051128  0.033790  0.051997  0.040030  0.095025  0.062277  0.073725  0.057787  0.035044  0.008287  0.040002  0.034092  0.046292  0.018538  0.021889  0.003994  0.011150  0.006718  0.049914  0.026444  0.007192  0.060980  0.079401  0.076991  0.078805  0.038271  0.042263  0.064768  0.121278  0.028080  
mesh063_michael13: 0.026665  0.031782  0.088686  0.078686  0.043402  0.069196  0.068637  0.033105  0.022109  0.009367  0.038083  0.084277  0.110784  0.071107  0.037660  0.043679  0.047139  0.091146  0.038108  0.019451  0.014130  0.021035  0.019156  0.047296  0.026262  0.026697  0.008221  0.077902  0.087508  0.087328  0.085806  0.068779  0.066300  0.031066  0.019170  0.014413  
david10_mesh000: 0.005403  0.014119  0.074902  0.077316  0.038024  0.068285  0.056424  0.047282  0.056516  0.061929  0.010500  0.007593  0.006825  0.055270  0.085888  0.050859  0.067192  0.069408  0.061468  0.045249  0.018203  0.040421  0.045012  0.040510  0.062186  0.020613  0.030193  0.071737  0.047399  0.075240  0.061416  0.060088  0.069030  0.024809  0.061737  0.060024  
mesh001_david12: 0.023703  0.028489  0.068203  0.068519  0.048995  0.083039  0.057191  0.039785  0.030588  0.059394  0.010327  0.105657  0.097710  0.055730  0.071908  0.058525  0.065337  0.069349  0.087235  0.060656  0.011915  0.021734  0.024431  0.030075  0.042515  0.017224  0.024311  0.049057  0.013710  0.045618  0.040709  0.037438  0.027576  0.016216  0.063744  0.073202  
victoria7_mesh038: 0.005406  0.013591  0.121342  0.115410  0.100702  0.099986  0.059074  0.031340  0.054182  0.044506  0.079659  0.007221  0.023859  0.084423  0.060810  0.067774  0.033423  0.000000  0.037271  0.022291  0.017529  0.050236  0.037699  0.018557  0.011739  0.009096  0.039143  0.055172  0.086429  0.083657  0.069407  0.074947  0.092235  0.000000  0.021514  0.000000  
mesh065_michael3: 0.021947  0.039228  0.066270  0.081158  0.056183  0.066780  0.090530  0.058037  0.028658  0.044033  0.027782  0.063441  0.105937  0.062354  0.031855  0.030750  0.035477  0.067962  0.041627  0.016873  0.019507  0.023156  0.021687  0.026895  0.062524  0.000000  0.009443  0.053766  0.058029  0.079400  0.067537  0.047064  0.044412  0.009246  0.068820  0.090409  
michael14_mesh042: 0.004907  0.011281  0.112170  0.051194  0.100486  0.044267  0.082175  0.031154  0.117984  0.047747  0.099882  0.015774  0.018986  0.094343  0.040955  0.017780  0.041841  0.080582  0.024782  0.022879  0.014751  0.057321  0.042129  0.052678  0.060517  0.000000  0.020428  0.028553  0.064548  0.055362  0.042014  0.028673  0.041406  0.034873  0.113572  0.000000  
1_mesh002: 0.007727  0.017114  0.139419  0.118501  0.102013  0.119785  0.089946  0.077534  0.051076  0.013006  0.007355  0.018349  0.008380  0.007647  0.022192  0.004730  0.033605  0.020730  0.040719  0.030190  0.013832  0.077934  0.071493  0.027579  0.051119  0.027186  0.020244  0.063612  0.057922  0.079592  0.084264  0.045608  0.062249  0.026174  0.042587  0.024365  
mesh047_david0: 0.020816  0.026607  0.080828  0.090065  0.051945  0.080697  0.036010  0.039715  0.007455  0.011913  0.011468  0.105086  0.135647  0.055564  0.062414  0.057095  0.072523  0.047403  0.061230  0.067660  0.017199  0.033648  0.036960  0.020129  0.006874  0.020513  0.011868  0.075670  0.056964  0.060802  0.045290  0.038262  0.049059  0.052840  0.017496  0.039301  
mesh008_michael16: 0.018229  0.022384  0.063773  0.062084  0.055235  0.080264  0.124319  0.024820  0.061083  0.024101  0.039769  0.077818  0.047922  0.035420  0.054273  0.011860  0.034844  0.029968  0.065217  0.022441  0.009649  0.035114  0.037836  0.031474  0.038755  0.005942  0.009128  0.071234  0.079491  0.078959  0.062027  0.043998  0.053806  0.014416  0.062318  0.072451  
mesh040_michael8: 0.024074  0.030901  0.046770  0.082474  0.089054  0.068055  0.055472  0.046428  0.066777  0.049198  0.056469  0.078777  0.087457  0.056259  0.006582  0.006704  0.017669  0.069167  0.041328  0.023954  0.019803  0.013919  0.011781  0.038260  0.043391  0.009037  0.004700  0.060374  0.056190  0.064180  0.067888  0.034726  0.034681  0.028780  0.104432  0.058969  
michael7_mesh003: 0.013131  0.014034  0.118949  0.082485  0.079491  0.083025  0.109850  0.024096  0.038549  0.046028  0.039572  0.022279  0.004378  0.026643  0.055401  0.014515  0.046485  0.088102  0.026981  0.025657  0.026173  0.013621  0.027623  0.024398  0.061028  0.009079  0.009088  0.057145  0.045119  0.069037  0.055506  0.049293  0.054973  0.014741  0.109229  0.065056  
2_mesh062: 0.037523  0.031123  0.043635  0.048397  0.028781  0.041146  0.016633  0.036764  0.082725  0.080325  0.052309  0.041666  0.043004  0.080218  0.070621  0.064800  0.044091  0.039193  0.043705  0.032080  0.005299  0.051345  0.040954  0.030831  0.041583  0.011543  0.010876  0.071415  0.062944  0.066360  0.063164  0.066030  0.048428  0.044635  0.040126  0.036283  
michael17_mesh009: 0.005466  0.016194  0.100576  0.086770  0.091175  0.087959  0.122297  0.053861  0.089646  0.118123  0.081818  0.013557  0.008536  0.043000  0.047198  0.012728  0.034833  0.071946  0.039145  0.024031  0.016498  0.016864  0.007768  0.068959  0.072030  0.024869  0.009771  0.026150  0.014091  0.036330  0.023150  0.026709  0.031961  0.028389  0.041944  0.042217  
mesh048_michael14: 0.021836  0.025065  0.074486  0.082848  0.052601  0.077474  0.046594  0.025389  0.012386  0.042824  0.066529  0.072226  0.081383  0.098423  0.035678  0.039919  0.032817  0.058890  0.054180  0.024211  0.017231  0.012653  0.016218  0.006037  0.027395  0.021133  0.014620  0.058957  0.064059  0.090551  0.079932  0.021565  0.041458  0.074769  0.031936  0.028153  
mesh016_michael2: 0.014672  0.035280  0.036891  0.068073  0.078771  0.105097  0.049631  0.042008  0.065153  0.026610  0.047397  0.069654  0.050399  0.033500  0.054277  0.007219  0.031359  0.071049  0.018989  0.035839  0.008364  0.013739  0.033274  0.021140  0.067106  0.007277  0.025514  0.068922  0.052318  0.058537  0.060462  0.030870  0.046118  0.017042  0.088493  0.087192  
mesh025_michael19: 0.036276  0.034426  0.090732  0.079997  0.042385  0.063909  0.101637  0.044490  0.041347  0.019674  0.013829  0.054984  0.048292  0.055892  0.023850  0.030448  0.033962  0.024705  0.049275  0.028975  0.015103  0.045687  0.041787  0.014713  0.022036  0.011086  0.006945  0.061852  0.073417  0.090375  0.073236  0.042060  0.054036  0.044159  0.055966  0.038987  
mesh058_michael6: 0.022405  0.027978  0.051786  0.046696  0.050477  0.049086  0.069009  0.020744  0.074330  0.030782  0.022953  0.076272  0.063607  0.062565  0.020316  0.031184  0.016927  0.050985  0.025000  0.024781  0.009935  0.026701  0.046084  0.053431  0.056370  0.013964  0.009185  0.064880  0.044919  0.068594  0.065865  0.053578  0.041426  0.035420  0.082467  0.067738  
14_victoria1: 0.069074  0.051602  0.104263  0.081410  0.066973  0.084379  0.065856  0.034127  0.074000  0.042679  0.011880  0.011437  0.008957  0.051817  0.099429  0.052093  0.059593  0.003121  0.080566  0.012444  0.010166  0.044461  0.039842  0.005057  0.016914  0.009465  0.021327  0.021293  0.037632  0.043313  0.041613  0.029018  0.036840  0.025805  0.066445  0.059086  
mesh062_15: 0.010841  0.000000  0.057654  0.053471  0.109472  0.086794  0.056086  0.032935  0.070642  0.038937  0.000000  0.050611  0.047803  0.022271  0.000000  0.014931  0.000000  0.047744  0.034299  0.029420  0.027359  0.016962  0.052751  0.045913  0.084148  0.015126  0.000000  0.072179  0.075430  0.088325  0.076835  0.042550  0.046819  0.073431  0.069277  0.020666  
david12_victoria12: 0.013789  0.019025  0.059618  0.065987  0.061239  0.067548  0.044666  0.041349  0.037444  0.049740  0.038370  0.012886  0.093636  0.021299  0.031520  0.009856  0.043097  0.032626  0.023984  0.073643  0.021082  0.066758  0.068572  0.022850  0.026740  0.032016  0.005748  0.053944  0.045966  0.064603  0.056422  0.074374  0.048069  0.047512  0.047851  0.046067  
michael4_david1: 0.003197  0.004280  0.070581  0.056168  0.047583  0.024212  0.051690  0.008945  0.033725  0.036677  0.025487  0.016179  0.103277  0.051166  0.070070  0.069548  0.060876  0.038479  0.052800  0.034858  0.010431  0.049826  0.150869  0.034090  0.005620  0.020980  0.025762  0.055015  0.044738  0.063973  0.052435  0.063348  0.050152  0.037990  0.044046  0.000000  
michael19_mesh031: 0.005620  0.013863  0.081791  0.082714  0.032593  0.092757  0.077859  0.032948  0.036691  0.034900  0.013322  0.015079  0.021373  0.035010  0.043292  0.047702  0.052176  0.014086  0.011295  0.047413  0.043074  0.071397  0.064988  0.059443  0.016289  0.018238  0.028535  0.058195  0.064460  0.083012  0.071470  0.052803  0.075868  0.019362  0.023633  0.021290  
mesh010_3: 0.010944  0.000000  0.029429  0.077967  0.038648  0.022133  0.041105  0.013947  0.092247  0.081661  0.028692  0.073643  0.094940  0.098404  0.054726  0.059391  0.048800  0.029472  0.012230  0.000000  0.086600  0.033993  0.030278  0.000000  0.022945  0.024896  0.011221  0.043212  0.048918  0.056981  0.069916  0.032601  0.055311  0.025369  0.048442  0.055305  
michael13_victoria0: 0.010681  0.012290  0.065690  0.084130  0.044877  0.040844  0.024027  0.028238  0.089752  0.079520  0.040909  0.018199  0.034860  0.057328  0.061613  0.082020  0.027753  0.072489  0.064614  0.023440  0.010825  0.047582  0.055974  0.023147  0.033085  0.007319  0.012550  0.042581  0.047359  0.050207  0.045158  0.044561  0.046433  0.015486  0.038716  0.056258  
michael18_mesh060: 0.005210  0.015974  0.099416  0.086765  0.045002  0.113271  0.134374  0.042158  0.044875  0.051120  0.032460  0.023570  0.023039  0.031336  0.015870  0.007699  0.021060  0.030232  0.009165  0.029715  0.019752  0.032186  0.029103  0.021274  0.055455  0.000000  0.024255  0.033524  0.065141  0.071190  0.058690  0.025301  0.055661  0.018824  0.090148  0.069382  
mesh005_michael16: 0.020751  0.024137  0.062297  0.043042  0.035262  0.063633  0.090612  0.010994  0.016886  0.037578  0.016726  0.077084  0.065871  0.039523  0.012342  0.007300  0.020418  0.051251  0.018826  0.022795  0.017328  0.026440  0.048587  0.002940  0.038755  0.005161  0.013853  0.083667  0.073385  0.091759  0.078828  0.045715  0.054374  0.060599  0.053288  0.095645  
david0_mesh032: 0.005609  0.042901  0.073222  0.064361  0.042509  0.069663  0.049036  0.045324  0.028571  0.026248  0.012769  0.016772  0.012509  0.061915  0.048292  0.070162  0.047203  0.085870  0.066420  0.062390  0.029216  0.008643  0.037040  0.008575  0.011302  0.013989  0.011745  0.042434  0.078945  0.064592  0.051265  0.054422  0.068128  0.028247  0.034307  0.035860  
mesh043_michael8: 0.012625  0.029256  0.030106  0.103974  0.054061  0.081318  0.045386  0.049676  0.042738  0.011430  0.049360  0.073512  0.087610  0.056453  0.021348  0.004888  0.028920  0.060962  0.065926  0.017413  0.017111  0.044958  0.032036  0.022034  0.049015  0.009641  0.016397  0.056033  0.045201  0.051622  0.054141  0.055324  0.027974  0.010764  0.036726  0.052179  
17_michael10: 0.004143  0.048391  0.025171  0.045920  0.053272  0.014404  0.024086  0.007203  0.013383  0.027588  0.050834  0.089526  0.015839  0.031842  0.038853  0.016306  0.030061  0.055789  0.023574  0.024316  0.028254  0.021992  0.024188  0.004770  0.015962  0.014441  0.020603  0.079105  0.059435  0.079620  0.071073  0.066641  0.077114  0.099602  0.037371  0.085698  
20_mesh009: 0.006102  0.019487  0.050415  0.064654  0.034501  0.073888  0.066086  0.031608  0.058899  0.041127  0.019940  0.013557  0.028983  0.055405  0.089512  0.068660  0.085453  0.025843  0.005162  0.037193  0.021443  0.018648  0.031615  0.020858  0.034368  0.006278  0.012397  0.033697  0.044963  0.051852  0.046612  0.039689  0.071610  0.027763  0.047052  0.028883  
michael0_mesh030: 0.005720  0.011901  0.079512  0.067000  0.036259  0.057310  0.115061  0.036836  0.013155  0.040663  0.029321  0.008544  0.014087  0.036766  0.031172  0.012793  0.020233  0.086632  0.037101  0.022023  0.023941  0.022396  0.019922  0.019535  0.063699  0.027762  0.011135  0.027031  0.045020  0.046705  0.042731  0.008471  0.059845  0.036154  0.050519  0.061280  
