Stats:
	Average	[0.00422248]
	Folder	[mesh0]
	Guessed	[1]
	ObjFn	[0]
	PerSampleErrors	[0, 0.0403132, 0.0169775, 0, 0, 0, 0, 0, 0, 0, 0, 0, 0, 0, 0, 0.00678514, 0, 0, 0, 0.0817417, 0, 0.0259373, 0, 0.0106061, 0, 0, 0, 0, 0, 0, 0.0915257, 0, 0.017942, 0, 0, 0, 0, 0.0174857, 0, 0, 0, 0, 0, 0, 0, 0, 0, 0, 0, 0, 0, 0, 0, 0.0361474, 0, 0, 0, 0, 0, 0, 0, 0, 0.0233086, 0, 0.0173735, 0, 0, 0, 0, 0, 0.0151626, 0, 0, 0, 0, 0, 0, 0, 0, 0, 0, 0, 0, 0.0284744, 0, 0, 0, 0, 0.0789835, 0, 0, 0.0174846, 0, 0, 0, 0, 0, 0, 0, 0, 0, 0, 0, 0, 0, 0, 0, 0, 0, 0, 0.00950648, 0, 0, 0, 0.0516072, 0, 0, 0, 0, 0, 0, 0, 0, 0, 0, 0.0224227, 0, 0, 0, 0, 0, 0, 0.0236888, 0, 0, 0, 0, 0, 0.00568265, 0, 0, 0.0236888, 0.00837964, 0, 0, 0, 0, 0, 0, 0, 0, 0, 0, 0, 0, 0.0230032, 0, 0.0102174, 0.0138041, 0, 0, 0, 0, 0, 0, 0.0314085, 0, 0, 0, 0, 0, 0, 0.0115467, 0, 0, 0, 0, 0, 0, 0, 0.0693058, 0, 0, 0, 0, 0, 0, 0, 0.0611885, 0, 0, 0, 0, 0, 0, 0.0125978, 0, 0, 0, 0, 0.0284691, 0, 0, 0, 0, 0, 0, 0, 0, 0, 0, 0, 0, 0, 0, 0, 0, 0.0136957, 0, 0, 0, 0, 0, 0, 0, 0, 0, 0, 0, 0, 0, 0, 0, 0, 0, 0.0101735, 0, 0, 0.013467, 0.0322717, 0, 0, 0, 0, 0, 0, 0, 0.0271379, 0, 0, 0, 0, 0, 0.0178917, 0, 0, 0, 0, 0, 0, 0, 0, 0.060468, 0, 0, 0, 0, 0, 0, 0, 0, 0, 0, 0.0192436, 0.0159781, 0.0133723, 0, 0, 0, 0, 0, 0.0112787, 0, 0.0158627, 0, 0.059354, 0, 0, 0, 0, 0, 0, 0, 0.0166295, 0, 0, 0, 0, 0, 0, 0, 0, 0, 0, 0, 0.0282286, 0, 0, 0, 0, 0, 0.017148, 0, 0, 0, 0, 0.0182843, 0, 0, 0, 0, 0, 0, 0, 0.0232067, 0, 0, 0, 0, 0, 0, 0, 0, 0, 0, 0.00858441, 0, 0, 0.012791, 0, 0, 0, 0, 0, 0, 0, 0, 0, 0, 0, 0, 0, 0, 0, 0, 0, 0.00384958, 0, 0, 0, 0.0181442, 0, 0, 0, 0, 0, 0.0203847, 0, 0, 0.00767086, 0, 0, 0.0315835, 0, 0, 0, 0, 0, 0, 0, 0, 0, 0, 0, 0, 0, 0, 0, 0, 0, 0, 0, 0, 0, 0.0472595, 0, 0, 0, 0, 0.0109211, 0, 0, 0, 0.00828807, 0, 0, 0.0308779, 0, 0, 0, 0.0200777, 0, 0, 0, 0, 0.00526494, 0.040867, 0, 0, 0, 0, 0, 0, 0.0558502, 0, 0, 0, 0, 0, 0, 0, 0, 0, 0.0430469, 0, 0, 0.0213475, 0, 0, 0, 0, 0, 0, 0, 0, 0, 0, 0.0808549, 0, 0.0196168, 0.0276458, 0, 0, 0, 0, 0, 0, 0, 0, 0.00711831, 0, 0, 0, 0, 0, 0, 0, 0, 0, 0, 0, 0, 0, 0, 0, 0.0442743, 0, 0, 0, 0, 0, 0.0871332, 0, 0, 0, 0, 0.0104099, 0, 0, 0, 0, 0, 0, 0, 0.0121628, 0.0333327, 0.017948, 0, 0, 0.0310121, 0, 0, 0, 0, 0, 0, 0, 0, 0, 0, 0, 0, 0, 0, 0, 0.0177327, 0, 0, 0, 0, 0, 0, 0, 0, 0, 0, 0, 0, 0, 0, 0, 0, 0, 0, 0, 0, 0.0279402, 0.0530383, 0, 0.0226299, 0.0206374, 0, 0, 0.0186589, 0.0150528, 0, 0, 0, 0, 0, 0, 0, 0.00569629, 0, 0, 0, 0, 0.0161083, 0, 0, 0, 0, 0, 0, 0, 0, 0, 0, 0, 0, 0, 0, 0, 0, 0.0958796, 0, 0, 0, 0, 0, 0, 0, 0, 0, 0, 0, 0, 0, 0, 0, 0, 0, 0, 0, 0, 0, 0, 0, 0, 0.0469183, 0, 0, 0.0422806, 0, 0, 0, 0, 0, 0, 0, 0, 0.01813, 0, 0, 0, 0, 0, 0.00397067, 0, 0, 0, 0, 0, 0.0125986, 0, 0, 0, 0.0134667, 0, 0.0162696, 0, 0, 0, 0, 0, 0, 0, 0, 0, 0, 0, 0.0150195, 0.0123904, 0, 0, 0, 0, 0.0587672, 0, 0.0178694, 0.0158825, 0, 0, 0, 0, 0, 0.0336966, 0, 0, 0, 0, 0, 0, 0, 0, 0.0286543, 0.0330432, 0, 0.043751, 0, 0, 0, 0, 0, 0.0175657, 0, 0.0175231, 0.0143082, 0, 0, 0, 0, 0, 0, 0, 0, 0, 0, 0, 0, 0, 0, 0, 0.0783698, 0, 0, 0, 0.0138055, 0, 0, 0, 0, 0.0147513, 0, 0.00956253, 0, 0, 0, 0, 0, 0.0281178, 0, 0, 0, 0, 0, 0, 0, 0, 0, 0, 0, 0.0780774, 0, 0, 0, 0, 0.00948034, 0, 0, 0, 0, 0, 0, 0, 0, 0, 0, 0.0151356, 0, 0, 0, 0, 0, 0, 0, 0, 0, 0, 0, 0, 0, 0, 0, 0, 0, 0.0129931, 0.00817379, 0, 0, 0.0741406, 0, 0, 0.0145975, 0.0343623, 0, 0, 0, 0, 0, 0, 0, 0, 0, 0, 0.0179036, 0.0162349, 0, 0, 0.0365407, 0, 0, 0, 0, 0, 0, 0, 0, 0, 0.00268353, 0, 0, 0, 0, 0.0799391, 0, 0, 0, 0.0344664, 0, 0, 0.0294003, 0, 0, 0, 0, 0.00227313, 0, 0, 0, 0, 0, 0, 0, 0, 0, 0, 0, 0, 0, 0, 0, 0, 0.00921143, 0.0449527, 0, 0, 0, 0, 0, 0, 0, 0, 0, 0, 0, 0, 0, 0, 0, 0, 0, 0, 0, 0, 0.0207992, 0, 0, 0, 0.0587671, 0, 0.0715864, 0, 0.0120666, 0, 0.0850814, 0, 0, 0.0144934, 0, 0, 0, 0, 0.0130596, 0, 0, 0, 0, 0, 0, 0, 0, 0, 0, 0, 0, 0, 0, 0, 0, 0, 0, 0, 0.0420376, 0, 0, 0.0516079, 0, 0, 0, 0, 0, 0, 0, 0, 0.0187964, 0, 0, 0, 0.0199842, 0, 0, 0, 0.0177378, 0.0126561, 0, 0, 0, 0, 0, 0, 0, 0, 0, 0, 0, 0, 0, 0, 0, 0, 0.0149954, 0, 0.0154664, 0, 0.0220934, 0, 0, 0, 0, 0.0148916, 0, 0, 0, 0.0399826, 0.027621, 0.03153, 0.024027, 0.0418605, 0, 0, 0, 0, 0, 0, 0, 0, 0, 0, 0, 0, 0, 0, 0, 0, 0, 0.0109477, 0, 0, 0, 0, 0.00786501, 0, 0, 0, 0.00569643, 0, 0, 0, 0, 0, 0, 0, 0, 0, 0.045326, 0, 0, 0.00621885, 0, 0, 0, 0, 0, 0, 0, 0, 0, 0, 0, 0, 0.0286196, 0.0225795, 0, 0, 0, 0, 0, 0, 0, 0, 0, 0, 0, 0, 0, 0, 0, 0, 0, 0, 0, 0, 0, 0, 0, 0, 0, 0, 0, 0, 0, 0, 0]
	Time	[0]
	TimeBench	[0]
	TimeInit	[0]
	TimeMaps	[0]
