Stats:
	Average	[0.00455259]
	Folder	[mesh0]
	Guessed	[1]
	ObjFn	[0]
	PerSampleErrors	[0, 0.0449603, 0.0238639, 0, 0, 0, 0, 0, 0, 0, 0, 0, 0, 0, 0.0494732, 0, 0, 0, 0.0369921, 0.0360088, 0, 0, 0, 0.0173294, 0.0344447, 0.0174453, 0, 0.0218419, 0, 0, 0.00478427, 0, 0, 0.0174283, 0, 0, 0.0184463, 0, 0.0158395, 0, 0, 0, 0, 0.0205708, 0, 0, 0.0149466, 0, 0, 0, 0, 0, 0, 0, 0, 0, 0, 0.0198349, 0, 0, 0.0214718, 0, 0, 0, 0, 0, 0, 0, 0, 0, 0.0192051, 0, 0.0145646, 0, 0, 0, 0, 0, 0, 0, 0, 0, 0, 0.014817, 0, 0, 0, 0, 0, 0, 0, 0, 0.0190801, 0, 0.0373555, 0.00525755, 0, 0.0201691, 0, 0, 0.019164, 0.0223063, 0, 0, 0, 0.0192385, 0, 0, 0.0198405, 0, 0, 0, 0, 0.0245796, 0.0176912, 0, 0, 0, 0.0143929, 0, 0, 0, 0, 0, 0, 0, 0, 0, 0, 0, 0, 0.0213124, 0, 0, 0.0263809, 0, 0, 0.0129209, 0, 0, 0, 0, 0, 0, 0, 0, 0, 0.0158718, 0, 0, 0, 0, 0, 0, 0, 0, 0, 0.0216668, 0, 0, 0, 0, 0.0052305, 0, 0, 0, 0.0212962, 0.0198717, 0, 0, 0, 0, 0, 0, 0, 0.0190464, 0, 0, 0, 0.016811, 0, 0, 0, 0.0134762, 0.027746, 0.00412428, 0, 0.0205609, 0, 0, 0, 0, 0, 0, 0, 0, 0, 0, 0.0194011, 0, 0, 0, 0.0318206, 0, 0, 0, 0, 0, 0, 0, 0.0207533, 0, 0, 0, 0.0163555, 0.0213126, 0.012665, 0, 0.0217768, 0, 0, 0, 0, 0, 0, 0, 0, 0.0180787, 0, 0, 0, 0, 0.0259744, 0.0161181, 0, 0, 0, 0.0134413, 0, 0, 0, 0, 0, 0.0201458, 0, 0.00644773, 0, 0, 0.0171333, 0, 0, 0, 0.0232622, 0, 0, 0, 0.0161319, 0, 0, 0, 0.0134882, 0.0187916, 0.0101742, 0, 0, 0, 0, 0, 0.0210606, 0, 0.0158395, 0, 0, 0, 0, 0, 0, 0, 0, 0, 0, 0.0131567, 0, 0.0111133, 0.0162066, 0, 0, 0, 0.00673617, 0, 0, 0, 0, 0.0187519, 0, 0, 0, 0.0251054, 0.00920687, 0, 0.0254755, 0, 0, 0, 0.0171072, 0.0175685, 0, 0, 0.0221115, 0, 0, 0.0140311, 0, 0.0323373, 0.0125065, 0.0166066, 0, 0, 0, 0, 0, 0, 0, 0.017276, 0.0191733, 0.0198964, 0, 0.0150144, 0, 0.0184633, 0, 0, 0.0210123, 0, 0, 0, 0, 0, 0, 0, 0, 0, 0, 0.00590387, 0, 0.0184595, 0, 0, 0, 0, 0, 0, 0, 0, 0.0190892, 0, 0.0242693, 0, 0, 0, 0, 0, 0.0220663, 0.0139065, 0, 0, 0, 0, 0, 0, 0, 0, 0, 0, 0.0355746, 0, 0.0198226, 0, 0, 0, 0, 0, 0, 0.00888289, 0, 0, 0, 0, 0, 0.0214279, 0, 0, 0, 0, 0.00835295, 0, 0, 0, 0.0205695, 0.0071204, 0, 0, 0.0218751, 0, 0.0223062, 0, 0, 0, 0.0155199, 0, 0, 0.0201902, 0.00886615, 0, 0, 0.0137361, 0.0226231, 0, 0, 0, 0, 0, 0, 0, 0, 0, 0.0247615, 0.0166918, 0, 0, 0, 0, 0, 0, 0, 0.0236639, 0, 0, 0.0370928, 0.0251275, 0, 0, 0, 0, 0, 0.0088329, 0, 0, 0, 0, 0.0249525, 0, 0.0258384, 0, 0, 0, 0.0186479, 0, 0, 0, 0, 0, 0, 0, 0, 0, 0, 0.0205609, 0, 0.0245759, 0, 0, 0, 0, 0, 0, 0, 0, 0.0192562, 0, 0, 0.016208, 0, 0, 0, 0, 0.00856012, 0, 0, 0, 0, 0, 0.00953144, 0, 0, 0, 0, 0.0162502, 0.017394, 0, 0, 0, 0, 0, 0, 0, 0, 0, 0, 0.0205047, 0, 0, 0, 0.0144568, 0, 0.0161323, 0, 0, 0, 0, 0, 0, 0.0192561, 0, 0, 0, 0, 0.0349811, 0.00409469, 0, 0, 0, 0.0166883, 0, 0, 0, 0, 0, 0.00338108, 0, 0.0131699, 0, 0, 0, 0, 0, 0, 0, 0.0256299, 0, 0, 0.00848503, 0, 0.0163901, 0, 0.033133, 0, 0.0164244, 0.0130177, 0.00699703, 0, 0, 0.0156107, 0, 0, 0, 0, 0, 0, 0, 0, 0.0140896, 0, 0, 0, 0.00847252, 0.0219768, 0, 0, 0, 0, 0.0153548, 0, 0, 0, 0, 0, 0, 0.0477363, 0, 0.0195262, 0, 0, 0, 0.0161951, 0, 0.0206065, 0, 0, 0, 0, 0.0196892, 0, 0, 0, 0, 0, 0.00780819, 0, 0, 0, 0, 0.0109157, 0, 0.0171611, 0, 0, 0, 0, 0, 0, 0.0305504, 0.0168192, 0, 0, 0, 0, 0, 0, 0.0179886, 0, 0, 0, 0, 0.0251781, 0, 0, 0, 0, 0, 0.0151268, 0, 0.0223929, 0.0174809, 0, 0, 0, 0, 0.01459, 0, 0, 0, 0, 0, 0, 0, 0, 0, 0, 0, 0, 0, 0.0150866, 0, 0.0237975, 0, 0, 0, 0, 0, 0, 0, 0.0088476, 0.0169851, 0, 0.0109645, 0, 0, 0, 0.01769, 0, 0.00815533, 0, 0, 0, 0, 0, 0, 0, 0.00723451, 0, 0, 0.0161548, 0, 0, 0.00950832, 0, 0, 0, 0, 0.0428116, 0, 0, 0, 0, 0, 0, 0, 0, 0, 0, 0, 0.0191106, 0, 0.0165243, 0.0132679, 0.00354571, 0, 0, 0.0161977, 0, 0, 0.00505714, 0.0164438, 0, 0, 0, 0, 0, 0.0118245, 0, 0, 0, 0, 0, 0, 0, 0.0270795, 0.0202618, 0, 0, 0, 0.0136146, 0, 0, 0, 0, 0, 0, 0, 0, 0, 0, 0, 0.00483424, 0, 0, 0, 0.00792905, 0.0147756, 0.023397, 0, 0, 0, 0, 0, 0, 0, 0, 0, 0, 0.00775721, 0, 0, 0, 0.0143521, 0, 0.0203374, 0, 0.0252083, 0, 0, 0, 0, 0, 0, 0.0241651, 0.0204927, 0, 0, 0, 0, 0, 0, 0, 0, 0, 0.0155203, 0, 0, 0, 0.0168797, 0, 0, 0.0193551, 0.0113407, 0, 0.018005, 0, 0, 0, 0, 0, 0.0226267, 0.00697895, 0.0142179, 0.0201902, 0, 0, 0, 0, 0, 0, 0, 0, 0, 0, 0, 0, 0, 0.0134328, 0.0252079, 0, 0, 0, 0, 0, 0.0343794, 0.0251054, 0, 0, 0.0217396, 0, 0.0150982, 0, 0, 0.00595007, 0, 0, 0.00777899, 0.0473461, 0, 0, 0, 0, 0, 0, 0, 0.0245426, 0, 0.0111163, 0, 0.0244765, 0, 0.0256774, 0, 0.0232357, 0, 0.0384888, 0.0282024, 0, 0, 0, 0, 0, 0, 0, 0, 0, 0, 0, 0, 0, 0, 0, 0.0240251, 0, 0, 0, 0.0239196, 0, 0, 0, 0, 0, 0, 0, 0, 0, 0, 0, 0, 0.0179886, 0, 0, 0, 0, 0.0151649, 0, 0, 0, 0, 0, 0.00569027, 0, 0, 0, 0.0059553, 0.0160154, 0, 0, 0, 0, 0.023256, 0, 0, 0.0366334, 0, 0.0231972, 0, 0.0228678, 0.0139592, 0, 0, 0, 0, 0.0230146, 0, 0, 0, 0, 0, 0.0143662, 0, 0, 0, 0, 0.0254007, 0, 0, 0, 0, 0, 0, 0, 0, 0.0257459, 0.0097505, 0, 0, 0, 0, 0, 0, 0, 0.019637, 0, 0, 0, 0.00458329, 0, 0, 0, 0, 0, 0, 0, 0, 0.00749444, 0, 0, 0.0339218, 0, 0, 0.0606272, 0, 0.0100356, 0, 0, 0, 0.0125077, 0, 0, 0, 0, 0.0174974, 0.0193772, 0, 0, 0.0205039, 0, 0, 0, 0, 0, 0.0158119, 0, 0, 0, 0, 0, 0, 0, 0, 0.0221354, 0, 0, 0, 0, 0.0339756, 0.00800448, 0.00327598, 0, 0]
	Time	[0]
	TimeBench	[0]
	TimeInit	[0]
	TimeMaps	[0]
