Stats:
	Average	[0.00445189]
	Folder	[mesh0]
	Guessed	[1]
	ObjFn	[0]
	PerSampleErrors	[0, 0.0565492, 0, 0, 0, 0, 0, 0, 0, 0, 0, 0, 0, 0, 0, 0.00678514, 0, 0, 0, 0.0670381, 0, 0.0259373, 0, 0, 0, 0, 0, 0, 0, 0, 0.105977, 0, 0.017942, 0, 0, 0, 0, 0.0174857, 0, 0, 0, 0, 0, 0, 0, 0, 0, 0, 0, 0, 0, 0, 0, 0.0361474, 0.040748, 0, 0, 0, 0, 0, 0, 0, 0.0219299, 0, 0.0173735, 0, 0, 0, 0, 0, 0.0151626, 0, 0, 0, 0, 0, 0, 0, 0, 0, 0, 0, 0, 0.0391402, 0, 0, 0, 0, 0.0789835, 0, 0, 0, 0, 0, 0, 0, 0, 0, 0, 0.0117439, 0, 0, 0, 0, 0, 0, 0, 0, 0, 0, 0.0140209, 0, 0, 0, 0.0602197, 0, 0, 0, 0, 0, 0, 0, 0, 0, 0, 0.0224227, 0, 0, 0, 0, 0, 0, 0.0236888, 0, 0, 0, 0, 0, 0.01326, 0, 0, 0.0294388, 0, 0, 0, 0, 0, 0, 0, 0, 0, 0, 0, 0, 0, 0.0230032, 0, 0.0102174, 0, 0, 0, 0, 0, 0, 0, 0.0314085, 0, 0, 0, 0, 0, 0, 0, 0, 0, 0, 0, 0, 0, 0.00960581, 0.0693058, 0, 0.00475428, 0, 0, 0, 0, 0, 0.0611885, 0, 0, 0, 0, 0, 0, 0.0125978, 0, 0, 0, 0, 0.0284691, 0, 0, 0, 0, 0, 0, 0, 0, 0, 0, 0, 0, 0, 0, 0, 0, 0.0136957, 0, 0, 0, 0, 0, 0, 0, 0, 0, 0, 0, 0, 0, 0, 0, 0, 0, 0, 0, 0, 0.013467, 0.0181746, 0, 0, 0, 0, 0, 0, 0, 0.0271379, 0, 0, 0, 0, 0, 0.0178917, 0, 0, 0, 0, 0, 0, 0, 0, 0.0590754, 0, 0, 0, 0, 0, 0, 0, 0, 0, 0, 0.0192436, 0.0289942, 0.0133723, 0, 0, 0, 0, 0.0162145, 0, 0, 0, 0, 0.059354, 0, 0, 0, 0, 0, 0, 0, 0.0166295, 0, 0, 0, 0, 0, 0, 0, 0, 0, 0, 0, 0.0319419, 0, 0, 0, 0, 0, 0, 0, 0, 0, 0, 0.0182843, 0, 0, 0, 0, 0, 0, 0, 0.0194561, 0, 0, 0, 0, 0, 0, 0, 0, 0, 0, 0, 0, 0, 0.0239533, 0, 0, 0, 0, 0, 0, 0.00754855, 0, 0, 0, 0, 0, 0, 0, 0, 0, 0, 0.00814232, 0, 0, 0, 0.0181442, 0, 0, 0, 0, 0, 0.0203847, 0, 0, 0, 0, 0.00989212, 0.0315835, 0, 0, 0, 0, 0, 0, 0, 0, 0, 0, 0, 0, 0, 0, 0, 0, 0, 0, 0, 0, 0, 0.0600221, 0, 0, 0, 0, 0, 0, 0, 0, 0, 0, 0, 0.0308779, 0, 0, 0, 0.0200777, 0, 0, 0, 0, 0.00526494, 0.0441148, 0, 0, 0, 0, 0, 0, 0.0558502, 0, 0, 0, 0, 0, 0, 0, 0, 0, 0.0338004, 0, 0, 0.0213475, 0, 0, 0, 0, 0, 0, 0, 0, 0, 0, 0.0808549, 0, 0.0196168, 0.0276458, 0, 0, 0, 0, 0, 0, 0, 0, 0.0108548, 0, 0, 0, 0, 0, 0, 0, 0, 0, 0, 0, 0, 0, 0, 0, 0.0442743, 0, 0, 0, 0, 0, 0.0871332, 0, 0, 0, 0, 0.021052, 0, 0, 0, 0, 0, 0, 0, 0.032436, 0.0693118, 0, 0, 0, 0.0310121, 0, 0, 0, 0, 0, 0, 0, 0, 0, 0, 0, 0, 0, 0, 0, 0.0342355, 0, 0, 0, 0, 0, 0, 0, 0, 0, 0, 0, 0, 0, 0, 0, 0, 0, 0, 0, 0, 0.0279402, 0.0530383, 0, 0, 0, 0, 0, 0.0186589, 0.0150528, 0, 0, 0, 0, 0, 0, 0, 0.00569629, 0, 0, 0, 0, 0.0161083, 0, 0, 0, 0, 0, 0, 0, 0, 0, 0, 0, 0, 0, 0, 0, 0, 0.0958796, 0, 0, 0, 0, 0, 0, 0, 0, 0, 0, 0, 0, 0, 0, 0, 0, 0, 0, 0, 0, 0, 0, 0, 0, 0.0469183, 0, 0, 0.0422806, 0, 0, 0, 0, 0.0109216, 0, 0, 0, 0.01813, 0, 0, 0, 0, 0, 0, 0, 0, 0, 0, 0, 0.0125986, 0, 0, 0, 0.0144204, 0, 0.0267453, 0, 0, 0, 0, 0, 0, 0, 0, 0, 0, 0, 0, 0.0123904, 0, 0, 0, 0, 0.0732182, 0, 0.0178694, 0, 0, 0, 0, 0, 0, 0.0185701, 0, 0, 0, 0, 0, 0, 0, 0, 0.0286543, 0, 0, 0.0487554, 0, 0, 0, 0, 0, 0.0347601, 0, 0.0175231, 0.0379556, 0, 0, 0, 0, 0.0092278, 0, 0, 0, 0, 0, 0, 0, 0, 0, 0, 0.0783698, 0, 0, 0, 0.0138055, 0, 0, 0, 0, 0.0147513, 0, 0, 0, 0, 0, 0, 0, 0.0724324, 0, 0.0132747, 0, 0, 0, 0, 0, 0, 0, 0, 0, 0.0780774, 0, 0, 0, 0, 0, 0, 0, 0, 0, 0, 0, 0, 0, 0, 0, 0.0287183, 0, 0, 0, 0, 0, 0, 0, 0.00962293, 0, 0, 0, 0, 0, 0, 0, 0, 0, 0, 0.00817379, 0, 0, 0.0741406, 0, 0, 0.0145975, 0.0393667, 0, 0, 0, 0, 0, 0, 0, 0, 0, 0, 0.0179036, 0.0162349, 0, 0, 0.0365407, 0, 0, 0, 0, 0, 0, 0, 0, 0, 0.0185628, 0, 0, 0, 0, 0.0897374, 0, 0, 0, 0.0344664, 0, 0, 0.0294003, 0, 0, 0, 0, 0.00977422, 0, 0, 0, 0, 0, 0, 0, 0, 0, 0, 0, 0, 0, 0, 0, 0, 0.00921143, 0.0539093, 0, 0, 0, 0, 0, 0, 0, 0, 0, 0, 0, 0, 0, 0, 0, 0, 0, 0, 0, 0, 0.0207992, 0.0118693, 0, 0, 0.0587671, 0, 0.0715864, 0, 0.0120666, 0, 0.092561, 0, 0, 0.00919159, 0, 0, 0, 0, 0.0130596, 0, 0, 0, 0, 0, 0, 0, 0, 0, 0, 0, 0, 0, 0, 0, 0, 0, 0, 0, 0.0428888, 0, 0, 0.0516079, 0, 0, 0, 0, 0, 0, 0, 0, 0.0218114, 0, 0, 0, 0.0199842, 0, 0, 0, 0.0257355, 0.0126561, 0, 0, 0, 0, 0, 0, 0, 0, 0, 0, 0, 0, 0, 0, 0, 0, 0, 0, 0.0158984, 0, 0.027271, 0, 0, 0, 0, 0.0139671, 0, 0, 0, 0.0568998, 0.027621, 0.03153, 0.024027, 0.0327689, 0, 0, 0, 0, 0, 0, 0, 0, 0, 0, 0, 0, 0, 0, 0, 0, 0, 0.0408171, 0, 0, 0, 0, 0.00786501, 0, 0, 0, 0.00569643, 0, 0, 0.00702525, 0, 0, 0, 0, 0, 0, 0.045326, 0, 0, 0.0466703, 0, 0, 0, 0, 0, 0, 0, 0, 0, 0, 0, 0, 0, 0.0225795, 0, 0, 0, 0, 0, 0, 0, 0, 0, 0, 0, 0, 0, 0, 0, 0, 0.0288947, 0, 0, 0, 0, 0, 0, 0, 0, 0, 0, 0, 0, 0, 0]
	Time	[0]
	TimeBench	[0]
	TimeInit	[0]
	TimeMaps	[0]
