Stats:
	Average	[0.00623501]
	Folder	[mesh0]
	Guessed	[1]
	ObjFn	[0]
	PerSampleErrors	[0, 0.0308444, 0.0238639, 0, 0, 0, 0, 0, 0, 0, 0, 0, 0, 0, 0.0259713, 0, 0, 0, 0.0613654, 0.0360088, 0, 0, 0, 0.0173294, 0.0344447, 0.0174453, 0, 0.0218419, 0, 0, 0.0184557, 0, 0, 0.0174283, 0, 0, 0.0123881, 0, 0.0158395, 0, 0, 0, 0, 0.0205708, 0, 0, 0.0149466, 0, 0.0166655, 0, 0, 0, 0, 0, 0, 0, 0, 0.0198349, 0.0182406, 0, 0.0214718, 0, 0, 0, 0, 0, 0, 0, 0, 0, 0.0192051, 0, 0.0145646, 0, 0, 0, 0, 0, 0, 0, 0, 0, 0, 0.014817, 0, 0.0392223, 0, 0, 0.0110081, 0, 0, 0, 0.0190801, 0, 0.0373555, 0.025453, 0, 0.0201691, 0, 0, 0.0213717, 0.0223063, 0.0193452, 0, 0, 0.0192385, 0, 0, 0.0198405, 0.031966, 0, 0, 0, 0.0245796, 0.0176912, 0, 0, 0, 0.00950051, 0, 0, 0, 0, 0, 0, 0, 0.0198944, 0, 0, 0, 0, 0.0213124, 0, 0, 0.0320393, 0, 0, 0.00417889, 0, 0, 0, 0, 0, 0.0187275, 0, 0, 0, 0.0158718, 0, 0, 0, 0, 0.0267026, 0.0380202, 0, 0.0318209, 0.0363961, 0.0216668, 0, 0, 0.0210609, 0, 0.0171532, 0, 0, 0.00524673, 0.0212962, 0.0198717, 0, 0, 0, 0, 0.0120815, 0, 0, 0.0190464, 0, 0, 0, 0.016811, 0, 0, 0, 0.0134762, 0.027746, 0.00412428, 0.0285134, 0.0205609, 0, 0, 0, 0, 0, 0, 0, 0, 0.0200195, 0, 0.0194011, 0, 0, 0, 0.0318206, 0.0152815, 0, 0, 0, 0, 0, 0, 0.0207533, 0, 0.0160998, 0, 0.0163555, 0.0213126, 0.0265069, 0, 0.0217768, 0, 0, 0, 0, 0, 0, 0, 0, 0.0180787, 0.0267794, 0, 0, 0, 0.0259744, 0.0161181, 0, 0, 0, 0.0134413, 0, 0, 0, 0, 0.0143758, 0.0201458, 0, 0, 0.0287276, 0, 0.0171333, 0, 0, 0.00513332, 0.0232622, 0, 0.0252611, 0, 0.0161319, 0, 0, 0, 0.0134882, 0.0187916, 0, 0, 0, 0, 0, 0, 0.0210606, 0, 0.0158395, 0, 0, 0, 0, 0, 0, 0, 0, 0, 0, 0.0131567, 0, 0, 0.00670451, 0, 0, 0, 0.00673617, 0, 0, 0, 0, 0.0141199, 0, 0, 0, 0.0251054, 0, 0, 0.0254755, 0.0278859, 0, 0, 0.0171072, 0.0175685, 0, 0, 0.0221115, 0.0146767, 0, 0.0488853, 0, 0.0323373, 0.0125065, 0.0166066, 0, 0, 0, 0, 0, 0, 0.0141598, 0.017276, 0.0191733, 0.0198964, 0, 0.0150144, 0, 0.0184633, 0, 0, 0.0141485, 0, 0, 0.0151246, 0, 0.00384782, 0, 0, 0, 0, 0, 0.0137101, 0.013158, 0.0184595, 0.0243385, 0, 0, 0, 0, 0, 0, 0, 0, 0, 0.0242693, 0, 0, 0, 0, 0, 0.0220663, 0.0139065, 0, 0, 0, 0, 0, 0, 0, 0, 0, 0, 0.0355746, 0, 0.0198226, 0, 0, 0.0245252, 0, 0, 0, 0.00888289, 0.0230373, 0, 0, 0, 0, 0.0214279, 0, 0, 0, 0, 0.00835295, 0, 0, 0, 0.0205695, 0.0071204, 0, 0, 0.0218751, 0, 0.0223062, 0, 0, 0, 0.0155199, 0, 0, 0.0201902, 0.00886615, 0.0141596, 0, 0.0137361, 0.0234073, 0, 0, 0, 0, 0.0181742, 0, 0, 0.0343792, 0, 0.0247615, 0.0166918, 0, 0, 0, 0, 0, 0, 0.0231226, 0.0236639, 0, 0, 0.0370928, 0.0251275, 0, 0, 0, 0, 0, 0.0134187, 0, 0.0166334, 0, 0, 0.0249525, 0, 0.0258384, 0, 0, 0, 0.0459837, 0, 0, 0, 0, 0, 0, 0, 0, 0, 0, 0.0205609, 0, 0.0245759, 0, 0, 0, 0, 0, 0, 0, 0.00992088, 0.0192562, 0, 0, 0.016208, 0, 0, 0.0233145, 0, 0, 0, 0, 0, 0, 0, 0, 0, 0, 0, 0, 0.0162502, 0.017394, 0, 0, 0, 0, 0, 0, 0, 0, 0, 0, 0.0159, 0, 0, 0, 0.0144568, 0, 0.0161323, 0, 0.0204032, 0, 0, 0, 0, 0.0192561, 0, 0.0236903, 0, 0, 0.022807, 0.0171473, 0.00661046, 0, 0, 0.0166883, 0, 0.0182406, 0, 0, 0, 0.00338108, 0, 0.0131699, 0.0275643, 0, 0.0261303, 0, 0, 0, 0, 0.0256299, 0, 0, 0.0152232, 0.0107302, 0, 0, 0.0255445, 0.0210586, 0.0180234, 0.0130177, 0.00737968, 0.0312174, 0, 0.0156107, 0, 0, 0, 0, 0, 0, 0, 0, 0.0140896, 0, 0, 0, 0.00847252, 0.0219768, 0, 0, 0, 0, 0.0351151, 0, 0, 0, 0, 0, 0, 0.0477363, 0.0320522, 0.0195262, 0, 0, 0.00438775, 0.0161951, 0, 0.0206065, 0, 0.0202339, 0, 0, 0.0196892, 0, 0, 0, 0, 0, 0.00609364, 0, 0, 0, 0, 0.0202622, 0, 0.0171611, 0, 0, 0, 0, 0.019798, 0, 0.0305504, 0.0168192, 0.0205038, 0, 0, 0.0100576, 0, 0, 0.0179886, 0, 0, 0, 0, 0.0251781, 0, 0, 0, 0, 0, 0.0105474, 0, 0.0223929, 0.0174809, 0, 0, 0, 0, 0.01459, 0, 0, 0, 0, 0, 0, 0, 0, 0, 0, 0, 0, 0, 0.0150866, 0, 0.0237975, 0, 0, 0, 0, 0, 0, 0, 0.0147503, 0.0169851, 0, 0, 0, 0, 0, 0.01769, 0, 0.00815533, 0, 0, 0, 0, 0, 0, 0, 0.00723451, 0, 0, 0.0161548, 0, 0, 0, 0, 0, 0.0277464, 0, 0.0550846, 0, 0, 0, 0, 0, 0, 0, 0, 0, 0, 0, 0.0191106, 0, 0.0165243, 0.013846, 0.00729493, 0, 0.0178805, 0.0161977, 0, 0, 0, 0.0164438, 0, 0, 0, 0, 0, 0.0118245, 0, 0, 0, 0, 0, 0, 0, 0.0270795, 0.0202618, 0, 0, 0, 0.0508529, 0, 0.0370932, 0, 0, 0.0260967, 0, 0, 0, 0, 0, 0, 0.00673198, 0, 0, 0, 0.0142367, 0.0147756, 0.015312, 0, 0, 0, 0, 0.0315837, 0, 0, 0, 0, 0, 0.00775721, 0, 0, 0, 0.0143521, 0, 0.0237182, 0, 0.0252083, 0.0252798, 0, 0.0289861, 0, 0, 0, 0.0241651, 0.0204927, 0, 0, 0, 0.0274668, 0, 0, 0, 0, 0.0020147, 0.0155203, 0, 0, 0, 0.0168797, 0, 0, 0.0193551, 0.0113407, 0.0309702, 0.018005, 0, 0, 0, 0, 0, 0.0226267, 0.00697895, 0.0142179, 0.0201902, 0, 0.00738569, 0, 0, 0, 0, 0, 0, 0, 0, 0, 0, 0, 0.0252084, 0.0252079, 0, 0, 0, 0, 0, 0.0343794, 0.0251054, 0, 0.0217454, 0.0217396, 0, 0.0150982, 0, 0.00588784, 0.00595007, 0, 0, 0, 0.0436603, 0, 0, 0, 0, 0.0245799, 0.0150766, 0.00505256, 0.0245426, 0, 0.0144854, 0, 0.0244765, 0, 0.0256774, 0, 0.0232357, 0.0242807, 0.0453921, 0.0282024, 0, 0, 0, 0, 0, 0, 0, 0.00832078, 0, 0, 0, 0, 0, 0, 0, 0.0240251, 0, 0, 0, 0.0239196, 0, 0, 0, 0, 0, 0, 0.0249202, 0, 0, 0, 0, 0, 0.0179886, 0, 0, 0, 0, 0.0151649, 0, 0.0215916, 0, 0, 0, 0, 0, 0, 0, 0.0083329, 0.0109405, 0, 0, 0, 0.0241137, 0.023256, 0.0110262, 0, 0.0366334, 0.0138373, 0.0231972, 0, 0, 0.00406648, 0, 0, 0.0248855, 0, 0.0230146, 0, 0, 0, 0, 0, 0, 0, 0, 0, 0, 0.0254007, 0, 0, 0, 0, 0, 0, 0, 0.0216196, 0.0257459, 0, 0, 0, 0, 0, 0.0250187, 0, 0, 0.019637, 0, 0, 0, 0, 0, 0, 0, 0, 0, 0.0225994, 0, 0, 0.0117803, 0, 0, 0.0339218, 0.0380205, 0, 0.0296656, 0, 0, 0, 0, 0, 0.0105781, 0, 0, 0, 0, 0.0174974, 0.0193772, 0, 0, 0.0205039, 0, 0, 0, 0, 0, 0.0401852, 0, 0, 0, 0, 0, 0.0221612, 0, 0, 0.0221354, 0, 0, 0, 0, 0.0339756, 0, 0.0142978, 0, 0]
	Time	[0]
	TimeBench	[0]
	TimeInit	[0]
	TimeMaps	[0]
