Name0 Name1 MapAverage MapMaximum AxisAverage AxisMaximum (Sorted by MapAverage): 
horse5  	wolf2   	0.699859	1.149590	0.000000	0.000000
399     	cat2    	0.622541	1.033880	0.000000	0.000000
horse17 	cat9    	0.604605	0.887510	0.000000	0.000000
dog6    	cat2    	0.412691	0.717867	0.000000	0.000000
cat6    	387     	0.182835	0.637641	0.000000	0.000000
395     	390     	0.165751	0.435886	0.000000	0.000000
cat9    	382     	0.146976	0.365476	0.000000	0.000000
386     	387     	0.126807	0.367094	0.000000	0.000000
387     	cat10   	0.124637	0.963458	0.000000	0.000000
393     	dog5    	0.121422	0.676032	0.000000	0.000000
cat1    	horse15 	0.114107	0.259918	0.000000	0.000000
392     	386     	0.106756	0.391720	0.000000	0.000000
388     	cat4    	0.100708	0.233690	0.000000	0.000000
cat10   	horse6  	0.097408	0.213264	0.000000	0.000000
cat3    	396     	0.094168	0.236435	0.000000	0.000000
cat4    	394     	0.094119	0.210447	0.000000	0.000000
horse10 	393     	0.091904	0.174495	0.000000	0.000000
horse0  	393     	0.091342	0.174495	0.000000	0.000000
390     	cat3    	0.089777	0.263261	0.000000	0.000000
cat7    	dog5    	0.087969	0.196988	0.000000	0.000000
394     	cat2    	0.087620	0.266031	0.000000	0.000000
cat5    	dog8    	0.086407	0.190629	0.000000	0.000000
horse7  	398     	0.083885	0.301300	0.000000	0.000000
cat8    	dog1    	0.078211	0.145094	0.000000	0.000000
397     	394     	0.076716	0.210651	0.000000	0.000000
wolf2   	394     	0.076482	0.157627	0.000000	0.000000
dog5    	cat9    	0.075622	0.180450	0.000000	0.000000
382     	dog10   	0.073863	0.251414	0.000000	0.000000
wolf0   	dog0    	0.072567	0.180143	0.000000	0.000000
horse14 	386     	0.071802	0.285232	0.000000	0.000000
cat2    	wolf0   	0.071479	0.158656	0.000000	0.000000
384     	dog5    	0.071433	0.231476	0.000000	0.000000
dog1    	horse15 	0.067971	0.148916	0.000000	0.000000
dog3    	392     	0.067366	0.181980	0.000000	0.000000
dog2    	horse7  	0.066681	0.156872	0.000000	0.000000
391     	cat9    	0.066151	0.201912	0.000000	0.000000
385     	383     	0.064140	0.268105	0.000000	0.000000
396     	dog1    	0.063195	0.154753	0.000000	0.000000
398     	cat9    	0.063102	0.162797	0.000000	0.000000
dog0    	horse14 	0.062913	0.128512	0.000000	0.000000
horse15 	dog6    	0.062355	0.302887	0.000000	0.000000
381     	horse10 	0.060957	0.161929	0.000000	0.000000
dog10   	horse6  	0.059053	0.177252	0.000000	0.000000
383     	cat0    	0.056106	0.146746	0.000000	0.000000
400     	wolf0   	0.055917	0.212679	0.000000	0.000000
dog7    	385     	0.055915	0.183338	0.000000	0.000000
dog8    	385     	0.053802	0.158033	0.000000	0.000000
cat0    	384     	0.052852	0.112812	0.000000	0.000000
389     	381     	0.048640	0.137743	0.000000	0.000000
horse6  	dog6    	0.045886	0.186606	0.000000	0.000000
wolf1   	384     	0.029624	0.112812	0.000000	0.000000
All Data: 
horse5_wolf2: 1.116080  0.868191  0.671947  0.690223  0.606702  1.102420  0.571029  1.149590  0.556912  1.099670  0.641084  1.125010  0.022807  0.698947  0.030873  0.944616  0.978244  0.483611  0.557614  0.410559  0.370915  
399_cat2: 0.919656  1.033880  0.719508  0.795692  0.514566  0.873100  0.397753  0.800145  0.523542  0.859420  0.559893  0.782984  0.154906  0.698618  0.038149  1.004150  0.945406  0.417889  0.396925  0.226045  0.411142  
horse17_cat9: 0.866227  0.749574  0.589442  0.720948  0.513613  0.831004  0.542135  0.887510  0.581836  0.843331  0.636025  0.881871  0.079705  0.697133  0.013005  0.803007  0.852756  0.411889  0.499712  0.354441  0.341545  
dog6_cat2: 0.503805  0.647713  0.423610  0.310946  0.316030  0.650435  0.393644  0.717867  0.313666  0.616640  0.202675  0.633611  0.322038  0.197794  0.181713  0.598817  0.580106  0.286632  0.211153  0.291836  0.265787  
cat6_387: 0.308072  0.150003  0.202389  0.163049  0.076678  0.207560  0.146483  0.188165  0.207339  0.637641  0.090680  0.183527  0.084658  0.202332  0.125654  0.193487  0.230327  0.061158  0.045437  0.162744  0.172156  
395_390: 0.429090  0.435886  0.309957  0.289139  0.063370  0.189992  0.049136  0.197451  0.037782  0.153282  0.035012  0.234921  0.052012  0.029386  0.047241  0.376923  0.398418  0.049258  0.010665  0.044791  0.047052  
cat9_382: 0.365476  0.157457  0.230908  0.187642  0.086873  0.150144  0.089892  0.160124  0.202130  0.180193  0.139176  0.115565  0.070830  0.162404  0.047588  0.228856  0.290875  0.063087  0.055154  0.059420  0.042709  
386_387: 0.367094  0.265685  0.248780  0.129106  0.028002  0.165690  0.105899  0.125480  0.035137  0.115154  0.098432  0.118941  0.053440  0.108759  0.036513  0.295083  0.228666  0.033983  0.022886  0.012829  0.067394  
387_cat10: 0.126374  0.121587  0.218350  0.231341  0.044849  0.008834  0.074954  0.008134  0.167443  0.963458  0.052241  0.022231  0.052149  0.154284  0.021808  0.031357  0.031440  0.047785  0.018406  0.047109  0.173242  
393_dog5: 0.269117  0.183963  0.237677  0.241076  0.067342  0.029142  0.038932  0.016610  0.117727  0.025039  0.083028  0.027984  0.676032  0.072938  0.038877  0.097611  0.090612  0.048743  0.056147  0.076951  0.054311  
cat1_horse15: 0.259918  0.157103  0.089729  0.100830  0.095217  0.169553  0.100958  0.209426  0.100395  0.221053  0.066700  0.161164  0.055672  0.005129  0.037007  0.181122  0.194524  0.003040  0.033110  0.107198  0.047392  
392_386: 0.391720  0.161335  0.214779  0.108029  0.090358  0.094243  0.068171  0.068669  0.101779  0.096245  0.161533  0.097631  0.000000  0.067957  0.027851  0.252998  0.056914  0.030736  0.013137  0.091980  0.045817  
388_cat4: 0.233690  0.222268  0.101207  0.048078  0.095377  0.102686  0.059801  0.075137  0.104130  0.106344  0.120281  0.096678  0.044384  0.063407  0.052195  0.192003  0.220760  0.038111  0.027392  0.081026  0.029916  
cat10_horse6: 0.177966  0.165547  0.062510  0.061185  0.057234  0.134033  0.101561  0.209316  0.090223  0.213264  0.075858  0.187089  0.091961  0.016702  0.008608  0.130719  0.124491  0.022299  0.027536  0.049877  0.037585  
cat3_396: 0.236435  0.227252  0.184512  0.190677  0.077483  0.116173  0.056637  0.099629  0.011224  0.158671  0.098982  0.097401  0.047035  0.011855  0.016646  0.078725  0.048199  0.067463  0.092757  0.049231  0.010541  
cat4_394: 0.210447  0.180015  0.057452  0.025349  0.000000  0.087160  0.043963  0.130661  0.103882  0.181617  0.165946  0.205034  0.041081  0.036936  0.095889  0.145942  0.136055  0.016011  0.025267  0.062218  0.025571  
horse10_393: 0.115531  0.174495  0.146456  0.173968  0.075698  0.136704  0.057738  0.064908  0.081613  0.065625  0.037214  0.132046  0.106474  0.041184  0.021856  0.145242  0.151445  0.014259  0.019538  0.074343  0.093651  
horse0_393: 0.115531  0.174495  0.146456  0.173968  0.058799  0.136704  0.077991  0.081068  0.104977  0.042714  0.046149  0.115629  0.097930  0.028763  0.021856  0.153163  0.151445  0.014259  0.019719  0.074343  0.082229  
390_cat3: 0.098380  0.263261  0.239454  0.249357  0.057642  0.012715  0.100352  0.009881  0.048124  0.028937  0.107345  0.024332  0.055717  0.061521  0.034217  0.140833  0.140679  0.029608  0.059141  0.085020  0.038800  
cat7_dog5: 0.196988  0.101173  0.047467  0.072798  0.022275  0.117073  0.049967  0.162247  0.012496  0.164030  0.038404  0.152520  0.090034  0.021059  0.028658  0.089918  0.158000  0.057073  0.063373  0.184805  0.016998  
394_cat2: 0.266031  0.162938  0.058040  0.033897  0.032316  0.011722  0.092577  0.017321  0.106979  0.022985  0.208685  0.016309  0.067498  0.039147  0.081921  0.181259  0.239311  0.024082  0.028271  0.117922  0.030804  
cat5_dog8: 0.190629  0.107542  0.074533  0.061042  0.039267  0.144057  0.065672  0.138938  0.064362  0.134201  0.039959  0.135958  0.086235  0.010736  0.000000  0.146177  0.184509  0.046507  0.024238  0.048542  0.071446  
horse7_398: 0.301300  0.068158  0.049388  0.036070  0.039301  0.076815  0.070068  0.038234  0.060368  0.075459  0.093839  0.076814  0.119108  0.109999  0.000000  0.194927  0.123403  0.028779  0.038770  0.080390  0.080390  
cat8_dog1: 0.091036  0.090050  0.076486  0.074834  0.050532  0.121243  0.098019  0.127137  0.040380  0.145094  0.080446  0.117633  0.048988  0.037843  0.025600  0.117321  0.103423  0.040574  0.018593  0.055876  0.081324  
397_394: 0.102817  0.210651  0.195127  0.181433  0.069348  0.026188  0.071471  0.033505  0.045454  0.019130  0.132632  0.056310  0.032082  0.014889  0.064924  0.126389  0.157311  0.022594  0.007504  0.022149  0.019127  
wolf2_394: 0.127788  0.038032  0.050158  0.018681  0.090472  0.063833  0.076652  0.090649  0.074023  0.128338  0.133915  0.157627  0.070110  0.041881  0.083855  0.074926  0.090136  0.037963  0.019747  0.088360  0.048980  
dog5_cat9: 0.180450  0.014326  0.063663  0.094048  0.023689  0.012736  0.108193  0.005323  0.082250  0.019619  0.089152  0.013629  0.159300  0.064288  0.068181  0.139080  0.154914  0.051313  0.083586  0.097347  0.062981  
382_dog10: 0.251414  0.149300  0.113198  0.212102  0.114622  0.039514  0.060602  0.039502  0.114746  0.027660  0.055732  0.009852  0.035816  0.105621  0.018687  0.068694  0.039752  0.011651  0.018749  0.009779  0.054135  
wolf0_dog0: 0.180143  0.122878  0.083729  0.084413  0.018173  0.071638  0.034770  0.114283  0.000000  0.111526  0.028726  0.108029  0.049169  0.015243  0.018251  0.119212  0.121676  0.047035  0.040564  0.082112  0.072333  
horse14_386: 0.285232  0.100743  0.075168  0.107764  0.031328  0.018425  0.068171  0.038353  0.035088  0.016853  0.076562  0.035893  0.074932  0.017514  0.027851  0.113992  0.227224  0.023896  0.032741  0.037213  0.062904  
cat2_wolf0: 0.123596  0.158656  0.028947  0.061811  0.046644  0.094451  0.066805  0.105801  0.042878  0.109856  0.055082  0.107295  0.033009  0.015595  0.049766  0.145458  0.127935  0.038150  0.000000  0.061691  0.027629  
384_dog5: 0.231476  0.086569  0.098830  0.058130  0.011583  0.071455  0.070929  0.086741  0.024430  0.107619  0.072439  0.052862  0.073158  0.021059  0.070529  0.099931  0.092714  0.015888  0.050922  0.076951  0.025868  
dog1_horse15: 0.112144  0.133244  0.013462  0.034080  0.047801  0.069556  0.059767  0.123667  0.100395  0.148916  0.035289  0.096273  0.022216  0.084677  0.008119  0.072031  0.094749  0.043125  0.000000  0.067375  0.060503  
dog3_392: 0.040676  0.154017  0.181980  0.164445  0.031768  0.011264  0.051630  0.043096  0.068187  0.036871  0.028211  0.020800  0.058129  0.013372  0.038979  0.142750  0.130125  0.032807  0.052841  0.053087  0.059658  
dog2_horse7: 0.121188  0.090319  0.000000  0.005153  0.081184  0.104026  0.091767  0.087952  0.057173  0.104130  0.068110  0.086599  0.020836  0.036088  0.015563  0.071055  0.080159  0.024178  0.156872  0.065161  0.032795  
391_cat9: 0.201912  0.030391  0.084893  0.132260  0.000000  0.012736  0.047908  0.005323  0.073059  0.019619  0.102183  0.013629  0.093919  0.096929  0.010825  0.089625  0.169636  0.047158  0.051584  0.051554  0.054025  
385_383: 0.119221  0.268105  0.166058  0.169535  0.054743  0.011222  0.024818  0.015364  0.022580  0.008513  0.021507  0.015026  0.048798  0.073674  0.026175  0.091379  0.109386  0.021925  0.019290  0.033874  0.025736  
396_dog1: 0.115127  0.154753  0.087919  0.104580  0.010299  0.010285  0.071281  0.015151  0.023345  0.021585  0.073693  0.036088  0.054997  0.014393  0.025600  0.146428  0.132582  0.048420  0.039789  0.042236  0.098544  
398_cat9: 0.139768  0.125114  0.057148  0.111342  0.062361  0.012098  0.036748  0.005323  0.072670  0.019619  0.077213  0.034850  0.069742  0.045902  0.014012  0.162797  0.132781  0.042303  0.047562  0.030964  0.024827  
dog0_horse14: 0.121615  0.109784  0.019184  0.021536  0.018354  0.100002  0.083341  0.127288  0.035432  0.128512  0.027068  0.097118  0.056245  0.035961  0.051181  0.068337  0.080287  0.031380  0.033064  0.042980  0.032503  
horse15_dog6: 0.154178  0.302887  0.022083  0.020205  0.033240  0.029048  0.085098  0.036376  0.040035  0.013783  0.030107  0.018272  0.015119  0.017166  0.034027  0.115261  0.170908  0.038141  0.060837  0.072675  0.000000  
381_horse10: 0.109034  0.134600  0.000000  0.040577  0.067786  0.017754  0.137238  0.161929  0.005627  0.001522  0.018809  0.100475  0.062237  0.005559  0.009993  0.130167  0.139650  0.035924  0.025622  0.040823  0.034780  
dog10_horse6: 0.177252  0.091765  0.016481  0.045813  0.008352  0.109353  0.040863  0.124717  0.017444  0.114020  0.030987  0.060087  0.080447  0.016459  0.074295  0.067418  0.035307  0.017349  0.048447  0.049877  0.013370  
383_cat0: 0.106212  0.146746  0.035856  0.018246  0.080724  0.042602  0.035500  0.044880  0.095697  0.026228  0.071856  0.049078  0.025463  0.007581  0.026971  0.121632  0.113565  0.034009  0.042240  0.027474  0.025664  
400_wolf0: 0.212679  0.082445  0.145219  0.158346  0.028246  0.005955  0.045632  0.014388  0.055128  0.012292  0.037705  0.029500  0.000000  0.015595  0.000000  0.056742  0.046286  0.055753  0.018228  0.073095  0.081030  
dog7_385: 0.183338  0.064111  0.066426  0.076449  0.062017  0.011849  0.088414  0.025360  0.093899  0.041354  0.038719  0.009259  0.011661  0.045040  0.030913  0.057074  0.059924  0.012205  0.010323  0.059917  0.125961  
dog8_385: 0.158033  0.043082  0.066101  0.095236  0.070501  0.011849  0.094356  0.025360  0.110341  0.041354  0.038161  0.009259  0.011119  0.043680  0.020056  0.047444  0.068885  0.000000  0.022159  0.067755  0.085107  
cat0_384: 0.112812  0.047267  0.023783  0.043413  0.031264  0.105312  0.031514  0.094183  0.046718  0.078824  0.102424  0.100928  0.025632  0.000000  0.030782  0.055731  0.042850  0.052936  0.046102  0.023651  0.013759  
389_381: 0.056709  0.056721  0.021126  0.015301  0.023173  0.045759  0.137743  0.011962  0.027663  0.000000  0.057005  0.058301  0.069109  0.115479  0.038530  0.046182  0.029897  0.043708  0.035745  0.043461  0.087869  
horse6_dog6: 0.186606  0.138098  0.011159  0.016176  0.039590  0.029048  0.085368  0.036376  0.013719  0.013783  0.021669  0.018272  0.000000  0.005504  0.017899  0.047806  0.058320  0.026105  0.089378  0.070688  0.038042  
wolf1_384: 0.112812  0.018301  0.046821  0.051610  0.012191  0.014333  0.017527  0.031251  0.011273  0.019521  0.047542  0.024895  0.013525  0.000000  0.041135  0.000000  0.000000  0.039087  0.028763  0.050134  0.041382  
